img_dx	col_dx	row_dx	pixel	label
1	1	1	0	5
1	1	2	0	5
1	1	3	0	5
1	1	4	0	5
1	1	5	0	5
1	1	6	0	5
1	1	7	0	5
1	1	8	0	5
1	1	9	0	5
1	1	10	0	5
1	1	11	0	5
1	1	12	0	5
1	1	13	0	5
1	1	14	0	5
1	1	15	0	5
1	1	16	0	5
1	1	17	0	5
1	1	18	0	5
1	1	19	0	5
1	1	20	0	5
1	1	21	0	5
1	1	22	0	5
1	1	23	0	5
1	1	24	0	5
1	1	25	0	5
1	1	26	0	5
1	1	27	0	5
1	1	28	0	5
1	2	1	0	5
1	2	2	0	5
1	2	3	0	5
1	2	4	0	5
1	2	5	0	5
1	2	6	0	5
1	2	7	0	5
1	2	8	0	5
1	2	9	0	5
1	2	10	0	5
1	2	11	0	5
1	2	12	0	5
1	2	13	0	5
1	2	14	0	5
1	2	15	0	5
1	2	16	0	5
1	2	17	0	5
1	2	18	0	5
1	2	19	0	5
1	2	20	0	5
1	2	21	0	5
1	2	22	0	5
1	2	23	0	5
1	2	24	0	5
1	2	25	0	5
1	2	26	0	5
1	2	27	0	5
1	2	28	0	5
1	3	1	0	5
1	3	2	0	5
1	3	3	0	5
1	3	4	0	5
1	3	5	0	5
1	3	6	0	5
1	3	7	0	5
1	3	8	0	5
1	3	9	0	5
1	3	10	0	5
1	3	11	0	5
1	3	12	0	5
1	3	13	0	5
1	3	14	0	5
1	3	15	0	5
1	3	16	0	5
1	3	17	0	5
1	3	18	0	5
1	3	19	0	5
1	3	20	0	5
1	3	21	0	5
1	3	22	0	5
1	3	23	0	5
1	3	24	0	5
1	3	25	0	5
1	3	26	0	5
1	3	27	0	5
1	3	28	0	5
1	4	1	0	5
1	4	2	0	5
1	4	3	0	5
1	4	4	0	5
1	4	5	0	5
1	4	6	0	5
1	4	7	0	5
1	4	8	0	5
1	4	9	0	5
1	4	10	0	5
1	4	11	0	5
1	4	12	0	5
1	4	13	0	5
1	4	14	0	5
1	4	15	0	5
1	4	16	0	5
1	4	17	0	5
1	4	18	0	5
1	4	19	0	5
1	4	20	0	5
1	4	21	0	5
1	4	22	0	5
1	4	23	0	5
1	4	24	0	5
1	4	25	0	5
1	4	26	0	5
1	4	27	0	5
1	4	28	0	5
1	5	1	0	5
1	5	2	0	5
1	5	3	0	5
1	5	4	0	5
1	5	5	0	5
1	5	6	0	5
1	5	7	0	5
1	5	8	0	5
1	5	9	0	5
1	5	10	0	5
1	5	11	0	5
1	5	12	0	5
1	5	13	0	5
1	5	14	0	5
1	5	15	0	5
1	5	16	0	5
1	5	17	0	5
1	5	18	0	5
1	5	19	0	5
1	5	20	0	5
1	5	21	0	5
1	5	22	0	5
1	5	23	0	5
1	5	24	55	5
1	5	25	136	5
1	5	26	0	5
1	5	27	0	5
1	5	28	0	5
1	6	1	0	5
1	6	2	0	5
1	6	3	0	5
1	6	4	0	5
1	6	5	0	5
1	6	6	0	5
1	6	7	0	5
1	6	8	0	5
1	6	9	0	5
1	6	10	0	5
1	6	11	0	5
1	6	12	0	5
1	6	13	0	5
1	6	14	0	5
1	6	15	0	5
1	6	16	0	5
1	6	17	0	5
1	6	18	0	5
1	6	19	0	5
1	6	20	0	5
1	6	21	0	5
1	6	22	0	5
1	6	23	0	5
1	6	24	172	5
1	6	25	253	5
1	6	26	0	5
1	6	27	0	5
1	6	28	0	5
1	7	1	0	5
1	7	2	0	5
1	7	3	0	5
1	7	4	0	5
1	7	5	0	5
1	7	6	0	5
1	7	7	0	5
1	7	8	0	5
1	7	9	0	5
1	7	10	0	5
1	7	11	0	5
1	7	12	0	5
1	7	13	0	5
1	7	14	0	5
1	7	15	0	5
1	7	16	0	5
1	7	17	0	5
1	7	18	0	5
1	7	19	0	5
1	7	20	0	5
1	7	21	0	5
1	7	22	0	5
1	7	23	18	5
1	7	24	226	5
1	7	25	253	5
1	7	26	0	5
1	7	27	0	5
1	7	28	0	5
1	8	1	0	5
1	8	2	0	5
1	8	3	0	5
1	8	4	0	5
1	8	5	0	5
1	8	6	0	5
1	8	7	0	5
1	8	8	49	5
1	8	9	18	5
1	8	10	0	5
1	8	11	0	5
1	8	12	0	5
1	8	13	0	5
1	8	14	0	5
1	8	15	0	5
1	8	16	0	5
1	8	17	0	5
1	8	18	0	5
1	8	19	0	5
1	8	20	0	5
1	8	21	0	5
1	8	22	0	5
1	8	23	171	5
1	8	24	253	5
1	8	25	253	5
1	8	26	0	5
1	8	27	0	5
1	8	28	0	5
1	9	1	0	5
1	9	2	0	5
1	9	3	0	5
1	9	4	0	5
1	9	5	0	5
1	9	6	0	5
1	9	7	30	5
1	9	8	238	5
1	9	9	219	5
1	9	10	80	5
1	9	11	0	5
1	9	12	0	5
1	9	13	0	5
1	9	14	0	5
1	9	15	0	5
1	9	16	0	5
1	9	17	0	5
1	9	18	0	5
1	9	19	0	5
1	9	20	0	5
1	9	21	0	5
1	9	22	23	5
1	9	23	219	5
1	9	24	253	5
1	9	25	212	5
1	9	26	0	5
1	9	27	0	5
1	9	28	0	5
1	10	1	0	5
1	10	2	0	5
1	10	3	0	5
1	10	4	0	5
1	10	5	0	5
1	10	6	0	5
1	10	7	36	5
1	10	8	253	5
1	10	9	253	5
1	10	10	156	5
1	10	11	14	5
1	10	12	0	5
1	10	13	0	5
1	10	14	0	5
1	10	15	0	5
1	10	16	0	5
1	10	17	0	5
1	10	18	0	5
1	10	19	0	5
1	10	20	0	5
1	10	21	0	5
1	10	22	66	5
1	10	23	253	5
1	10	24	253	5
1	10	25	135	5
1	10	26	0	5
1	10	27	0	5
1	10	28	0	5
1	11	1	0	5
1	11	2	0	5
1	11	3	0	5
1	11	4	0	5
1	11	5	0	5
1	11	6	0	5
1	11	7	94	5
1	11	8	253	5
1	11	9	253	5
1	11	10	107	5
1	11	11	1	5
1	11	12	0	5
1	11	13	0	5
1	11	14	0	5
1	11	15	0	5
1	11	16	0	5
1	11	17	0	5
1	11	18	0	5
1	11	19	0	5
1	11	20	0	5
1	11	21	24	5
1	11	22	213	5
1	11	23	253	5
1	11	24	253	5
1	11	25	132	5
1	11	26	0	5
1	11	27	0	5
1	11	28	0	5
1	12	1	0	5
1	12	2	0	5
1	12	3	0	5
1	12	4	0	5
1	12	5	0	5
1	12	6	0	5
1	12	7	154	5
1	12	8	253	5
1	12	9	253	5
1	12	10	253	5
1	12	11	154	5
1	12	12	139	5
1	12	13	11	5
1	12	14	0	5
1	12	15	0	5
1	12	16	0	5
1	12	17	0	5
1	12	18	0	5
1	12	19	0	5
1	12	20	0	5
1	12	21	114	5
1	12	22	253	5
1	12	23	253	5
1	12	24	244	5
1	12	25	16	5
1	12	26	0	5
1	12	27	0	5
1	12	28	0	5
1	13	1	0	5
1	13	2	0	5
1	13	3	0	5
1	13	4	0	5
1	13	5	0	5
1	13	6	3	5
1	13	7	170	5
1	13	8	253	5
1	13	9	253	5
1	13	10	253	5
1	13	11	253	5
1	13	12	253	5
1	13	13	190	5
1	13	14	35	5
1	13	15	0	5
1	13	16	0	5
1	13	17	0	5
1	13	18	0	5
1	13	19	0	5
1	13	20	39	5
1	13	21	221	5
1	13	22	253	5
1	13	23	253	5
1	13	24	133	5
1	13	25	0	5
1	13	26	0	5
1	13	27	0	5
1	13	28	0	5
1	14	1	0	5
1	14	2	0	5
1	14	3	0	5
1	14	4	0	5
1	14	5	0	5
1	14	6	18	5
1	14	7	253	5
1	14	8	253	5
1	14	9	253	5
1	14	10	205	5
1	14	11	90	5
1	14	12	190	5
1	14	13	253	5
1	14	14	241	5
1	14	15	81	5
1	14	16	0	5
1	14	17	0	5
1	14	18	0	5
1	14	19	0	5
1	14	20	148	5
1	14	21	253	5
1	14	22	253	5
1	14	23	195	5
1	14	24	11	5
1	14	25	0	5
1	14	26	0	5
1	14	27	0	5
1	14	28	0	5
1	15	1	0	5
1	15	2	0	5
1	15	3	0	5
1	15	4	0	5
1	15	5	0	5
1	15	6	18	5
1	15	7	253	5
1	15	8	253	5
1	15	9	198	5
1	15	10	11	5
1	15	11	0	5
1	15	12	2	5
1	15	13	70	5
1	15	14	225	5
1	15	15	240	5
1	15	16	45	5
1	15	17	0	5
1	15	18	0	5
1	15	19	46	5
1	15	20	229	5
1	15	21	253	5
1	15	22	253	5
1	15	23	80	5
1	15	24	0	5
1	15	25	0	5
1	15	26	0	5
1	15	27	0	5
1	15	28	0	5
1	16	1	0	5
1	16	2	0	5
1	16	3	0	5
1	16	4	0	5
1	16	5	0	5
1	16	6	18	5
1	16	7	253	5
1	16	8	253	5
1	16	9	182	5
1	16	10	0	5
1	16	11	0	5
1	16	12	0	5
1	16	13	0	5
1	16	14	160	5
1	16	15	253	5
1	16	16	186	5
1	16	17	16	5
1	16	18	0	5
1	16	19	130	5
1	16	20	253	5
1	16	21	253	5
1	16	22	198	5
1	16	23	9	5
1	16	24	0	5
1	16	25	0	5
1	16	26	0	5
1	16	27	0	5
1	16	28	0	5
1	17	1	0	5
1	17	2	0	5
1	17	3	0	5
1	17	4	0	5
1	17	5	0	5
1	17	6	126	5
1	17	7	253	5
1	17	8	253	5
1	17	9	247	5
1	17	10	43	5
1	17	11	0	5
1	17	12	0	5
1	17	13	0	5
1	17	14	108	5
1	17	15	253	5
1	17	16	253	5
1	17	17	93	5
1	17	18	0	5
1	17	19	183	5
1	17	20	253	5
1	17	21	253	5
1	17	22	81	5
1	17	23	0	5
1	17	24	0	5
1	17	25	0	5
1	17	26	0	5
1	17	27	0	5
1	17	28	0	5
1	18	1	0	5
1	18	2	0	5
1	18	3	0	5
1	18	4	0	5
1	18	5	0	5
1	18	6	136	5
1	18	7	253	5
1	18	8	251	5
1	18	9	241	5
1	18	10	154	5
1	18	11	0	5
1	18	12	0	5
1	18	13	0	5
1	18	14	1	5
1	18	15	119	5
1	18	16	253	5
1	18	17	252	5
1	18	18	249	5
1	18	19	253	5
1	18	20	253	5
1	18	21	201	5
1	18	22	2	5
1	18	23	0	5
1	18	24	0	5
1	18	25	0	5
1	18	26	0	5
1	18	27	0	5
1	18	28	0	5
1	19	1	0	5
1	19	2	0	5
1	19	3	0	5
1	19	4	0	5
1	19	5	0	5
1	19	6	175	5
1	19	7	225	5
1	19	8	93	5
1	19	9	0	5
1	19	10	0	5
1	19	11	0	5
1	19	12	0	5
1	19	13	0	5
1	19	14	0	5
1	19	15	25	5
1	19	16	150	5
1	19	17	253	5
1	19	18	253	5
1	19	19	253	5
1	19	20	250	5
1	19	21	78	5
1	19	22	0	5
1	19	23	0	5
1	19	24	0	5
1	19	25	0	5
1	19	26	0	5
1	19	27	0	5
1	19	28	0	5
1	20	1	0	5
1	20	2	0	5
1	20	3	0	5
1	20	4	0	5
1	20	5	0	5
1	20	6	26	5
1	20	7	172	5
1	20	8	82	5
1	20	9	0	5
1	20	10	0	5
1	20	11	0	5
1	20	12	0	5
1	20	13	0	5
1	20	14	0	5
1	20	15	0	5
1	20	16	27	5
1	20	17	187	5
1	20	18	249	5
1	20	19	207	5
1	20	20	182	5
1	20	21	0	5
1	20	22	0	5
1	20	23	0	5
1	20	24	0	5
1	20	25	0	5
1	20	26	0	5
1	20	27	0	5
1	20	28	0	5
1	21	1	0	5
1	21	2	0	5
1	21	3	0	5
1	21	4	0	5
1	21	5	0	5
1	21	6	166	5
1	21	7	253	5
1	21	8	82	5
1	21	9	0	5
1	21	10	0	5
1	21	11	0	5
1	21	12	0	5
1	21	13	0	5
1	21	14	0	5
1	21	15	0	5
1	21	16	0	5
1	21	17	0	5
1	21	18	64	5
1	21	19	2	5
1	21	20	0	5
1	21	21	0	5
1	21	22	0	5
1	21	23	0	5
1	21	24	0	5
1	21	25	0	5
1	21	26	0	5
1	21	27	0	5
1	21	28	0	5
1	22	1	0	5
1	22	2	0	5
1	22	3	0	5
1	22	4	0	5
1	22	5	0	5
1	22	6	255	5
1	22	7	242	5
1	22	8	56	5
1	22	9	0	5
1	22	10	0	5
1	22	11	0	5
1	22	12	0	5
1	22	13	0	5
1	22	14	0	5
1	22	15	0	5
1	22	16	0	5
1	22	17	0	5
1	22	18	0	5
1	22	19	0	5
1	22	20	0	5
1	22	21	0	5
1	22	22	0	5
1	22	23	0	5
1	22	24	0	5
1	22	25	0	5
1	22	26	0	5
1	22	27	0	5
1	22	28	0	5
1	23	1	0	5
1	23	2	0	5
1	23	3	0	5
1	23	4	0	5
1	23	5	0	5
1	23	6	247	5
1	23	7	195	5
1	23	8	39	5
1	23	9	0	5
1	23	10	0	5
1	23	11	0	5
1	23	12	0	5
1	23	13	0	5
1	23	14	0	5
1	23	15	0	5
1	23	16	0	5
1	23	17	0	5
1	23	18	0	5
1	23	19	0	5
1	23	20	0	5
1	23	21	0	5
1	23	22	0	5
1	23	23	0	5
1	23	24	0	5
1	23	25	0	5
1	23	26	0	5
1	23	27	0	5
1	23	28	0	5
1	24	1	0	5
1	24	2	0	5
1	24	3	0	5
1	24	4	0	5
1	24	5	0	5
1	24	6	127	5
1	24	7	64	5
1	24	8	0	5
1	24	9	0	5
1	24	10	0	5
1	24	11	0	5
1	24	12	0	5
1	24	13	0	5
1	24	14	0	5
1	24	15	0	5
1	24	16	0	5
1	24	17	0	5
1	24	18	0	5
1	24	19	0	5
1	24	20	0	5
1	24	21	0	5
1	24	22	0	5
1	24	23	0	5
1	24	24	0	5
1	24	25	0	5
1	24	26	0	5
1	24	27	0	5
1	24	28	0	5
1	25	1	0	5
1	25	2	0	5
1	25	3	0	5
1	25	4	0	5
1	25	5	0	5
1	25	6	0	5
1	25	7	0	5
1	25	8	0	5
1	25	9	0	5
1	25	10	0	5
1	25	11	0	5
1	25	12	0	5
1	25	13	0	5
1	25	14	0	5
1	25	15	0	5
1	25	16	0	5
1	25	17	0	5
1	25	18	0	5
1	25	19	0	5
1	25	20	0	5
1	25	21	0	5
1	25	22	0	5
1	25	23	0	5
1	25	24	0	5
1	25	25	0	5
1	25	26	0	5
1	25	27	0	5
1	25	28	0	5
1	26	1	0	5
1	26	2	0	5
1	26	3	0	5
1	26	4	0	5
1	26	5	0	5
1	26	6	0	5
1	26	7	0	5
1	26	8	0	5
1	26	9	0	5
1	26	10	0	5
1	26	11	0	5
1	26	12	0	5
1	26	13	0	5
1	26	14	0	5
1	26	15	0	5
1	26	16	0	5
1	26	17	0	5
1	26	18	0	5
1	26	19	0	5
1	26	20	0	5
1	26	21	0	5
1	26	22	0	5
1	26	23	0	5
1	26	24	0	5
1	26	25	0	5
1	26	26	0	5
1	26	27	0	5
1	26	28	0	5
1	27	1	0	5
1	27	2	0	5
1	27	3	0	5
1	27	4	0	5
1	27	5	0	5
1	27	6	0	5
1	27	7	0	5
1	27	8	0	5
1	27	9	0	5
1	27	10	0	5
1	27	11	0	5
1	27	12	0	5
1	27	13	0	5
1	27	14	0	5
1	27	15	0	5
1	27	16	0	5
1	27	17	0	5
1	27	18	0	5
1	27	19	0	5
1	27	20	0	5
1	27	21	0	5
1	27	22	0	5
1	27	23	0	5
1	27	24	0	5
1	27	25	0	5
1	27	26	0	5
1	27	27	0	5
1	27	28	0	5
1	28	1	0	5
1	28	2	0	5
1	28	3	0	5
1	28	4	0	5
1	28	5	0	5
1	28	6	0	5
1	28	7	0	5
1	28	8	0	5
1	28	9	0	5
1	28	10	0	5
1	28	11	0	5
1	28	12	0	5
1	28	13	0	5
1	28	14	0	5
1	28	15	0	5
1	28	16	0	5
1	28	17	0	5
1	28	18	0	5
1	28	19	0	5
1	28	20	0	5
1	28	21	0	5
1	28	22	0	5
1	28	23	0	5
1	28	24	0	5
1	28	25	0	5
1	28	26	0	5
1	28	27	0	5
1	28	28	0	5
2	1	1	0	0
2	1	2	0	0
2	1	3	0	0
2	1	4	0	0
2	1	5	0	0
2	1	6	0	0
2	1	7	0	0
2	1	8	0	0
2	1	9	0	0
2	1	10	0	0
2	1	11	0	0
2	1	12	0	0
2	1	13	0	0
2	1	14	0	0
2	1	15	0	0
2	1	16	0	0
2	1	17	0	0
2	1	18	0	0
2	1	19	0	0
2	1	20	0	0
2	1	21	0	0
2	1	22	0	0
2	1	23	0	0
2	1	24	0	0
2	1	25	0	0
2	1	26	0	0
2	1	27	0	0
2	1	28	0	0
2	2	1	0	0
2	2	2	0	0
2	2	3	0	0
2	2	4	0	0
2	2	5	0	0
2	2	6	0	0
2	2	7	0	0
2	2	8	0	0
2	2	9	0	0
2	2	10	0	0
2	2	11	0	0
2	2	12	0	0
2	2	13	0	0
2	2	14	0	0
2	2	15	0	0
2	2	16	0	0
2	2	17	0	0
2	2	18	0	0
2	2	19	0	0
2	2	20	0	0
2	2	21	0	0
2	2	22	0	0
2	2	23	0	0
2	2	24	0	0
2	2	25	0	0
2	2	26	0	0
2	2	27	0	0
2	2	28	0	0
2	3	1	0	0
2	3	2	0	0
2	3	3	0	0
2	3	4	0	0
2	3	5	0	0
2	3	6	0	0
2	3	7	0	0
2	3	8	0	0
2	3	9	0	0
2	3	10	0	0
2	3	11	0	0
2	3	12	0	0
2	3	13	0	0
2	3	14	0	0
2	3	15	0	0
2	3	16	0	0
2	3	17	0	0
2	3	18	0	0
2	3	19	0	0
2	3	20	0	0
2	3	21	0	0
2	3	22	0	0
2	3	23	0	0
2	3	24	0	0
2	3	25	0	0
2	3	26	0	0
2	3	27	0	0
2	3	28	0	0
2	4	1	0	0
2	4	2	0	0
2	4	3	0	0
2	4	4	0	0
2	4	5	0	0
2	4	6	0	0
2	4	7	0	0
2	4	8	0	0
2	4	9	0	0
2	4	10	0	0
2	4	11	0	0
2	4	12	0	0
2	4	13	0	0
2	4	14	0	0
2	4	15	0	0
2	4	16	0	0
2	4	17	0	0
2	4	18	0	0
2	4	19	0	0
2	4	20	0	0
2	4	21	0	0
2	4	22	0	0
2	4	23	0	0
2	4	24	0	0
2	4	25	0	0
2	4	26	0	0
2	4	27	0	0
2	4	28	0	0
2	5	1	0	0
2	5	2	0	0
2	5	3	0	0
2	5	4	0	0
2	5	5	0	0
2	5	6	0	0
2	5	7	0	0
2	5	8	0	0
2	5	9	0	0
2	5	10	0	0
2	5	11	0	0
2	5	12	0	0
2	5	13	0	0
2	5	14	0	0
2	5	15	0	0
2	5	16	0	0
2	5	17	0	0
2	5	18	0	0
2	5	19	0	0
2	5	20	0	0
2	5	21	0	0
2	5	22	0	0
2	5	23	0	0
2	5	24	0	0
2	5	25	0	0
2	5	26	0	0
2	5	27	0	0
2	5	28	0	0
2	6	1	0	0
2	6	2	0	0
2	6	3	0	0
2	6	4	0	0
2	6	5	0	0
2	6	6	0	0
2	6	7	0	0
2	6	8	0	0
2	6	9	0	0
2	6	10	0	0
2	6	11	0	0
2	6	12	0	0
2	6	13	0	0
2	6	14	0	0
2	6	15	0	0
2	6	16	0	0
2	6	17	0	0
2	6	18	0	0
2	6	19	0	0
2	6	20	0	0
2	6	21	0	0
2	6	22	0	0
2	6	23	0	0
2	6	24	0	0
2	6	25	0	0
2	6	26	0	0
2	6	27	0	0
2	6	28	0	0
2	7	1	0	0
2	7	2	0	0
2	7	3	0	0
2	7	4	0	0
2	7	5	0	0
2	7	6	0	0
2	7	7	0	0
2	7	8	0	0
2	7	9	0	0
2	7	10	0	0
2	7	11	0	0
2	7	12	0	0
2	7	13	0	0
2	7	14	0	0
2	7	15	0	0
2	7	16	76	0
2	7	17	85	0
2	7	18	85	0
2	7	19	85	0
2	7	20	86	0
2	7	21	85	0
2	7	22	85	0
2	7	23	28	0
2	7	24	0	0
2	7	25	0	0
2	7	26	0	0
2	7	27	0	0
2	7	28	0	0
2	8	1	0	0
2	8	2	0	0
2	8	3	0	0
2	8	4	0	0
2	8	5	0	0
2	8	6	0	0
2	8	7	0	0
2	8	8	0	0
2	8	9	0	0
2	8	10	0	0
2	8	11	0	0
2	8	12	0	0
2	8	13	7	0
2	8	14	57	0
2	8	15	198	0
2	8	16	246	0
2	8	17	252	0
2	8	18	252	0
2	8	19	252	0
2	8	20	253	0
2	8	21	252	0
2	8	22	252	0
2	8	23	199	0
2	8	24	25	0
2	8	25	0	0
2	8	26	0	0
2	8	27	0	0
2	8	28	0	0
2	9	1	0	0
2	9	2	0	0
2	9	3	0	0
2	9	4	0	0
2	9	5	0	0
2	9	6	0	0
2	9	7	0	0
2	9	8	0	0
2	9	9	0	0
2	9	10	0	0
2	9	11	0	0
2	9	12	38	0
2	9	13	178	0
2	9	14	252	0
2	9	15	253	0
2	9	16	252	0
2	9	17	230	0
2	9	18	223	0
2	9	19	145	0
2	9	20	225	0
2	9	21	249	0
2	9	22	252	0
2	9	23	252	0
2	9	24	128	0
2	9	25	0	0
2	9	26	0	0
2	9	27	0	0
2	9	28	0	0
2	10	1	0	0
2	10	2	0	0
2	10	3	0	0
2	10	4	0	0
2	10	5	0	0
2	10	6	0	0
2	10	7	0	0
2	10	8	0	0
2	10	9	0	0
2	10	10	0	0
2	10	11	48	0
2	10	12	165	0
2	10	13	252	0
2	10	14	252	0
2	10	15	190	0
2	10	16	112	0
2	10	17	25	0
2	10	18	0	0
2	10	19	0	0
2	10	20	0	0
2	10	21	146	0
2	10	22	252	0
2	10	23	252	0
2	10	24	252	0
2	10	25	0	0
2	10	26	0	0
2	10	27	0	0
2	10	28	0	0
2	11	1	0	0
2	11	2	0	0
2	11	3	0	0
2	11	4	0	0
2	11	5	0	0
2	11	6	0	0
2	11	7	0	0
2	11	8	0	0
2	11	9	0	0
2	11	10	51	0
2	11	11	238	0
2	11	12	253	0
2	11	13	240	0
2	11	14	63	0
2	11	15	0	0
2	11	16	0	0
2	11	17	0	0
2	11	18	0	0
2	11	19	0	0
2	11	20	0	0
2	11	21	48	0
2	11	22	229	0
2	11	23	253	0
2	11	24	253	0
2	11	25	0	0
2	11	26	0	0
2	11	27	0	0
2	11	28	0	0
2	12	1	0	0
2	12	2	0	0
2	12	3	0	0
2	12	4	0	0
2	12	5	0	0
2	12	6	0	0
2	12	7	0	0
2	12	8	10	0
2	12	9	163	0
2	12	10	238	0
2	12	11	252	0
2	12	12	233	0
2	12	13	71	0
2	12	14	0	0
2	12	15	0	0
2	12	16	0	0
2	12	17	0	0
2	12	18	0	0
2	12	19	0	0
2	12	20	0	0
2	12	21	29	0
2	12	22	215	0
2	12	23	252	0
2	12	24	252	0
2	12	25	0	0
2	12	26	0	0
2	12	27	0	0
2	12	28	0	0
2	13	1	0	0
2	13	2	0	0
2	13	3	0	0
2	13	4	0	0
2	13	5	0	0
2	13	6	0	0
2	13	7	0	0
2	13	8	60	0
2	13	9	252	0
2	13	10	253	0
2	13	11	252	0
2	13	12	208	0
2	13	13	19	0
2	13	14	0	0
2	13	15	0	0
2	13	16	0	0
2	13	17	0	0
2	13	18	0	0
2	13	19	0	0
2	13	20	0	0
2	13	21	85	0
2	13	22	252	0
2	13	23	252	0
2	13	24	141	0
2	13	25	0	0
2	13	26	0	0
2	13	27	0	0
2	13	28	0	0
2	14	1	0	0
2	14	2	0	0
2	14	3	0	0
2	14	4	0	0
2	14	5	0	0
2	14	6	0	0
2	14	7	54	0
2	14	8	224	0
2	14	9	252	0
2	14	10	253	0
2	14	11	179	0
2	14	12	84	0
2	14	13	28	0
2	14	14	0	0
2	14	15	0	0
2	14	16	0	0
2	14	17	0	0
2	14	18	0	0
2	14	19	0	0
2	14	20	0	0
2	14	21	178	0
2	14	22	252	0
2	14	23	233	0
2	14	24	37	0
2	14	25	0	0
2	14	26	0	0
2	14	27	0	0
2	14	28	0	0
2	15	1	0	0
2	15	2	0	0
2	15	3	0	0
2	15	4	0	0
2	15	5	0	0
2	15	6	48	0
2	15	7	227	0
2	15	8	252	0
2	15	9	252	0
2	15	10	190	0
2	15	11	12	0
2	15	12	0	0
2	15	13	0	0
2	15	14	0	0
2	15	15	0	0
2	15	16	0	0
2	15	17	0	0
2	15	18	0	0
2	15	19	0	0
2	15	20	0	0
2	15	21	225	0
2	15	22	252	0
2	15	23	145	0
2	15	24	0	0
2	15	25	0	0
2	15	26	0	0
2	15	27	0	0
2	15	28	0	0
2	16	1	0	0
2	16	2	0	0
2	16	3	0	0
2	16	4	0	0
2	16	5	51	0
2	16	6	238	0
2	16	7	253	0
2	16	8	253	0
2	16	9	253	0
2	16	10	114	0
2	16	11	75	0
2	16	12	0	0
2	16	13	0	0
2	16	14	0	0
2	16	15	0	0
2	16	16	0	0
2	16	17	0	0
2	16	18	0	0
2	16	19	0	0
2	16	20	114	0
2	16	21	253	0
2	16	22	196	0
2	16	23	0	0
2	16	24	0	0
2	16	25	0	0
2	16	26	0	0
2	16	27	0	0
2	16	28	0	0
2	17	1	0	0
2	17	2	0	0
2	17	3	0	0
2	17	4	0	0
2	17	5	159	0
2	17	6	252	0
2	17	7	252	0
2	17	8	252	0
2	17	9	252	0
2	17	10	253	0
2	17	11	121	0
2	17	12	0	0
2	17	13	0	0
2	17	14	0	0
2	17	15	0	0
2	17	16	0	0
2	17	17	0	0
2	17	18	0	0
2	17	19	48	0
2	17	20	238	0
2	17	21	223	0
2	17	22	130	0
2	17	23	0	0
2	17	24	0	0
2	17	25	0	0
2	17	26	0	0
2	17	27	0	0
2	17	28	0	0
2	18	1	0	0
2	18	2	0	0
2	18	3	0	0
2	18	4	0	0
2	18	5	253	0
2	18	6	252	0
2	18	7	239	0
2	18	8	202	0
2	18	9	252	0
2	18	10	228	0
2	18	11	21	0
2	18	12	0	0
2	18	13	0	0
2	18	14	0	0
2	18	15	0	0
2	18	16	0	0
2	18	17	0	0
2	18	18	7	0
2	18	19	165	0
2	18	20	253	0
2	18	21	167	0
2	18	22	0	0
2	18	23	0	0
2	18	24	0	0
2	18	25	0	0
2	18	26	0	0
2	18	27	0	0
2	18	28	0	0
2	19	1	0	0
2	19	2	0	0
2	19	3	0	0
2	19	4	0	0
2	19	5	159	0
2	19	6	252	0
2	19	7	233	0
2	19	8	84	0
2	19	9	96	0
2	19	10	47	0
2	19	11	0	0
2	19	12	0	0
2	19	13	0	0
2	19	14	0	0
2	19	15	0	0
2	19	16	0	0
2	19	17	7	0
2	19	18	131	0
2	19	19	252	0
2	19	20	162	0
2	19	21	56	0
2	19	22	0	0
2	19	23	0	0
2	19	24	0	0
2	19	25	0	0
2	19	26	0	0
2	19	27	0	0
2	19	28	0	0
2	20	1	0	0
2	20	2	0	0
2	20	3	0	0
2	20	4	0	0
2	20	5	50	0
2	20	6	237	0
2	20	7	252	0
2	20	8	252	0
2	20	9	189	0
2	20	10	79	0
2	20	11	0	0
2	20	12	0	0
2	20	13	0	0
2	20	14	0	0
2	20	15	0	0
2	20	16	0	0
2	20	17	135	0
2	20	18	252	0
2	20	19	173	0
2	20	20	0	0
2	20	21	0	0
2	20	22	0	0
2	20	23	0	0
2	20	24	0	0
2	20	25	0	0
2	20	26	0	0
2	20	27	0	0
2	20	28	0	0
2	21	1	0	0
2	21	2	0	0
2	21	3	0	0
2	21	4	0	0
2	21	5	0	0
2	21	6	0	0
2	21	7	57	0
2	21	8	253	0
2	21	9	253	0
2	21	10	255	0
2	21	11	253	0
2	21	12	253	0
2	21	13	253	0
2	21	14	253	0
2	21	15	255	0
2	21	16	253	0
2	21	17	253	0
2	21	18	225	0
2	21	19	0	0
2	21	20	0	0
2	21	21	0	0
2	21	22	0	0
2	21	23	0	0
2	21	24	0	0
2	21	25	0	0
2	21	26	0	0
2	21	27	0	0
2	21	28	0	0
2	22	1	0	0
2	22	2	0	0
2	22	3	0	0
2	22	4	0	0
2	22	5	0	0
2	22	6	0	0
2	22	7	6	0
2	22	8	122	0
2	22	9	167	0
2	22	10	168	0
2	22	11	243	0
2	22	12	252	0
2	22	13	252	0
2	22	14	252	0
2	22	15	253	0
2	22	16	252	0
2	22	17	186	0
2	22	18	71	0
2	22	19	0	0
2	22	20	0	0
2	22	21	0	0
2	22	22	0	0
2	22	23	0	0
2	22	24	0	0
2	22	25	0	0
2	22	26	0	0
2	22	27	0	0
2	22	28	0	0
2	23	1	0	0
2	23	2	0	0
2	23	3	0	0
2	23	4	0	0
2	23	5	0	0
2	23	6	0	0
2	23	7	0	0
2	23	8	0	0
2	23	9	0	0
2	23	10	0	0
2	23	11	50	0
2	23	12	165	0
2	23	13	195	0
2	23	14	195	0
2	23	15	196	0
2	23	16	148	0
2	23	17	12	0
2	23	18	0	0
2	23	19	0	0
2	23	20	0	0
2	23	21	0	0
2	23	22	0	0
2	23	23	0	0
2	23	24	0	0
2	23	25	0	0
2	23	26	0	0
2	23	27	0	0
2	23	28	0	0
2	24	1	0	0
2	24	2	0	0
2	24	3	0	0
2	24	4	0	0
2	24	5	0	0
2	24	6	0	0
2	24	7	0	0
2	24	8	0	0
2	24	9	0	0
2	24	10	0	0
2	24	11	0	0
2	24	12	0	0
2	24	13	0	0
2	24	14	0	0
2	24	15	0	0
2	24	16	0	0
2	24	17	0	0
2	24	18	0	0
2	24	19	0	0
2	24	20	0	0
2	24	21	0	0
2	24	22	0	0
2	24	23	0	0
2	24	24	0	0
2	24	25	0	0
2	24	26	0	0
2	24	27	0	0
2	24	28	0	0
2	25	1	0	0
2	25	2	0	0
2	25	3	0	0
2	25	4	0	0
2	25	5	0	0
2	25	6	0	0
2	25	7	0	0
2	25	8	0	0
2	25	9	0	0
2	25	10	0	0
2	25	11	0	0
2	25	12	0	0
2	25	13	0	0
2	25	14	0	0
2	25	15	0	0
2	25	16	0	0
2	25	17	0	0
2	25	18	0	0
2	25	19	0	0
2	25	20	0	0
2	25	21	0	0
2	25	22	0	0
2	25	23	0	0
2	25	24	0	0
2	25	25	0	0
2	25	26	0	0
2	25	27	0	0
2	25	28	0	0
2	26	1	0	0
2	26	2	0	0
2	26	3	0	0
2	26	4	0	0
2	26	5	0	0
2	26	6	0	0
2	26	7	0	0
2	26	8	0	0
2	26	9	0	0
2	26	10	0	0
2	26	11	0	0
2	26	12	0	0
2	26	13	0	0
2	26	14	0	0
2	26	15	0	0
2	26	16	0	0
2	26	17	0	0
2	26	18	0	0
2	26	19	0	0
2	26	20	0	0
2	26	21	0	0
2	26	22	0	0
2	26	23	0	0
2	26	24	0	0
2	26	25	0	0
2	26	26	0	0
2	26	27	0	0
2	26	28	0	0
2	27	1	0	0
2	27	2	0	0
2	27	3	0	0
2	27	4	0	0
2	27	5	0	0
2	27	6	0	0
2	27	7	0	0
2	27	8	0	0
2	27	9	0	0
2	27	10	0	0
2	27	11	0	0
2	27	12	0	0
2	27	13	0	0
2	27	14	0	0
2	27	15	0	0
2	27	16	0	0
2	27	17	0	0
2	27	18	0	0
2	27	19	0	0
2	27	20	0	0
2	27	21	0	0
2	27	22	0	0
2	27	23	0	0
2	27	24	0	0
2	27	25	0	0
2	27	26	0	0
2	27	27	0	0
2	27	28	0	0
2	28	1	0	0
2	28	2	0	0
2	28	3	0	0
2	28	4	0	0
2	28	5	0	0
2	28	6	0	0
2	28	7	0	0
2	28	8	0	0
2	28	9	0	0
2	28	10	0	0
2	28	11	0	0
2	28	12	0	0
2	28	13	0	0
2	28	14	0	0
2	28	15	0	0
2	28	16	0	0
2	28	17	0	0
2	28	18	0	0
2	28	19	0	0
2	28	20	0	0
2	28	21	0	0
2	28	22	0	0
2	28	23	0	0
2	28	24	0	0
2	28	25	0	0
2	28	26	0	0
2	28	27	0	0
2	28	28	0	0
3	1	1	0	4
3	1	2	0	4
3	1	3	0	4
3	1	4	0	4
3	1	5	0	4
3	1	6	0	4
3	1	7	0	4
3	1	8	0	4
3	1	9	0	4
3	1	10	0	4
3	1	11	0	4
3	1	12	0	4
3	1	13	0	4
3	1	14	0	4
3	1	15	0	4
3	1	16	0	4
3	1	17	0	4
3	1	18	0	4
3	1	19	0	4
3	1	20	0	4
3	1	21	0	4
3	1	22	0	4
3	1	23	0	4
3	1	24	0	4
3	1	25	0	4
3	1	26	0	4
3	1	27	0	4
3	1	28	0	4
3	2	1	0	4
3	2	2	0	4
3	2	3	0	4
3	2	4	0	4
3	2	5	0	4
3	2	6	0	4
3	2	7	0	4
3	2	8	0	4
3	2	9	0	4
3	2	10	0	4
3	2	11	0	4
3	2	12	0	4
3	2	13	0	4
3	2	14	0	4
3	2	15	0	4
3	2	16	0	4
3	2	17	0	4
3	2	18	0	4
3	2	19	0	4
3	2	20	0	4
3	2	21	0	4
3	2	22	0	4
3	2	23	0	4
3	2	24	0	4
3	2	25	0	4
3	2	26	0	4
3	2	27	0	4
3	2	28	0	4
3	3	1	0	4
3	3	2	0	4
3	3	3	0	4
3	3	4	0	4
3	3	5	0	4
3	3	6	0	4
3	3	7	0	4
3	3	8	0	4
3	3	9	0	4
3	3	10	0	4
3	3	11	0	4
3	3	12	0	4
3	3	13	0	4
3	3	14	0	4
3	3	15	0	4
3	3	16	0	4
3	3	17	0	4
3	3	18	0	4
3	3	19	0	4
3	3	20	0	4
3	3	21	0	4
3	3	22	0	4
3	3	23	0	4
3	3	24	0	4
3	3	25	0	4
3	3	26	0	4
3	3	27	0	4
3	3	28	0	4
3	4	1	0	4
3	4	2	0	4
3	4	3	0	4
3	4	4	0	4
3	4	5	0	4
3	4	6	0	4
3	4	7	0	4
3	4	8	0	4
3	4	9	0	4
3	4	10	0	4
3	4	11	46	4
3	4	12	120	4
3	4	13	159	4
3	4	14	159	4
3	4	15	159	4
3	4	16	150	4
3	4	17	0	4
3	4	18	0	4
3	4	19	0	4
3	4	20	0	4
3	4	21	0	4
3	4	22	0	4
3	4	23	0	4
3	4	24	0	4
3	4	25	0	4
3	4	26	0	4
3	4	27	0	4
3	4	28	0	4
3	5	1	0	4
3	5	2	0	4
3	5	3	0	4
3	5	4	0	4
3	5	5	0	4
3	5	6	0	4
3	5	7	62	4
3	5	8	126	4
3	5	9	220	4
3	5	10	222	4
3	5	11	245	4
3	5	12	254	4
3	5	13	254	4
3	5	14	254	4
3	5	15	254	4
3	5	16	253	4
3	5	17	119	4
3	5	18	0	4
3	5	19	0	4
3	5	20	0	4
3	5	21	0	4
3	5	22	0	4
3	5	23	0	4
3	5	24	0	4
3	5	25	0	4
3	5	26	0	4
3	5	27	0	4
3	5	28	0	4
3	6	1	0	4
3	6	2	0	4
3	6	3	0	4
3	6	4	0	4
3	6	5	0	4
3	6	6	0	4
3	6	7	81	4
3	6	8	163	4
3	6	9	163	4
3	6	10	163	4
3	6	11	163	4
3	6	12	163	4
3	6	13	120	4
3	6	14	67	4
3	6	15	85	4
3	6	16	237	4
3	6	17	177	4
3	6	18	0	4
3	6	19	0	4
3	6	20	0	4
3	6	21	0	4
3	6	22	0	4
3	6	23	0	4
3	6	24	0	4
3	6	25	0	4
3	6	26	0	4
3	6	27	0	4
3	6	28	0	4
3	7	1	0	4
3	7	2	0	4
3	7	3	0	4
3	7	4	0	4
3	7	5	0	4
3	7	6	0	4
3	7	7	0	4
3	7	8	0	4
3	7	9	0	4
3	7	10	0	4
3	7	11	0	4
3	7	12	0	4
3	7	13	0	4
3	7	14	0	4
3	7	15	0	4
3	7	16	207	4
3	7	17	177	4
3	7	18	0	4
3	7	19	0	4
3	7	20	0	4
3	7	21	0	4
3	7	22	0	4
3	7	23	0	4
3	7	24	0	4
3	7	25	0	4
3	7	26	0	4
3	7	27	0	4
3	7	28	0	4
3	8	1	0	4
3	8	2	0	4
3	8	3	0	4
3	8	4	0	4
3	8	5	0	4
3	8	6	0	4
3	8	7	0	4
3	8	8	0	4
3	8	9	0	4
3	8	10	0	4
3	8	11	0	4
3	8	12	0	4
3	8	13	0	4
3	8	14	0	4
3	8	15	0	4
3	8	16	207	4
3	8	17	177	4
3	8	18	0	4
3	8	19	0	4
3	8	20	0	4
3	8	21	0	4
3	8	22	0	4
3	8	23	0	4
3	8	24	0	4
3	8	25	0	4
3	8	26	0	4
3	8	27	0	4
3	8	28	0	4
3	9	1	0	4
3	9	2	0	4
3	9	3	0	4
3	9	4	0	4
3	9	5	0	4
3	9	6	0	4
3	9	7	0	4
3	9	8	0	4
3	9	9	0	4
3	9	10	0	4
3	9	11	0	4
3	9	12	0	4
3	9	13	0	4
3	9	14	0	4
3	9	15	0	4
3	9	16	207	4
3	9	17	177	4
3	9	18	0	4
3	9	19	0	4
3	9	20	0	4
3	9	21	0	4
3	9	22	0	4
3	9	23	0	4
3	9	24	0	4
3	9	25	0	4
3	9	26	0	4
3	9	27	0	4
3	9	28	0	4
3	10	1	0	4
3	10	2	0	4
3	10	3	0	4
3	10	4	0	4
3	10	5	0	4
3	10	6	0	4
3	10	7	0	4
3	10	8	0	4
3	10	9	0	4
3	10	10	0	4
3	10	11	0	4
3	10	12	0	4
3	10	13	0	4
3	10	14	0	4
3	10	15	47	4
3	10	16	253	4
3	10	17	177	4
3	10	18	0	4
3	10	19	0	4
3	10	20	0	4
3	10	21	0	4
3	10	22	0	4
3	10	23	0	4
3	10	24	0	4
3	10	25	0	4
3	10	26	0	4
3	10	27	0	4
3	10	28	0	4
3	11	1	0	4
3	11	2	0	4
3	11	3	0	4
3	11	4	0	4
3	11	5	0	4
3	11	6	0	4
3	11	7	0	4
3	11	8	0	4
3	11	9	0	4
3	11	10	0	4
3	11	11	0	4
3	11	12	0	4
3	11	13	0	4
3	11	14	0	4
3	11	15	49	4
3	11	16	254	4
3	11	17	98	4
3	11	18	0	4
3	11	19	0	4
3	11	20	0	4
3	11	21	0	4
3	11	22	0	4
3	11	23	0	4
3	11	24	0	4
3	11	25	0	4
3	11	26	0	4
3	11	27	0	4
3	11	28	0	4
3	12	1	0	4
3	12	2	0	4
3	12	3	0	4
3	12	4	0	4
3	12	5	0	4
3	12	6	0	4
3	12	7	0	4
3	12	8	0	4
3	12	9	0	4
3	12	10	0	4
3	12	11	0	4
3	12	12	0	4
3	12	13	0	4
3	12	14	0	4
3	12	15	116	4
3	12	16	250	4
3	12	17	56	4
3	12	18	0	4
3	12	19	0	4
3	12	20	0	4
3	12	21	0	4
3	12	22	0	4
3	12	23	0	4
3	12	24	0	4
3	12	25	0	4
3	12	26	0	4
3	12	27	0	4
3	12	28	0	4
3	13	1	0	4
3	13	2	0	4
3	13	3	0	4
3	13	4	0	4
3	13	5	0	4
3	13	6	0	4
3	13	7	0	4
3	13	8	0	4
3	13	9	0	4
3	13	10	0	4
3	13	11	0	4
3	13	12	0	4
3	13	13	0	4
3	13	14	0	4
3	13	15	144	4
3	13	16	240	4
3	13	17	0	4
3	13	18	0	4
3	13	19	0	4
3	13	20	0	4
3	13	21	0	4
3	13	22	0	4
3	13	23	0	4
3	13	24	0	4
3	13	25	0	4
3	13	26	0	4
3	13	27	0	4
3	13	28	0	4
3	14	1	0	4
3	14	2	0	4
3	14	3	0	4
3	14	4	0	4
3	14	5	0	4
3	14	6	0	4
3	14	7	0	4
3	14	8	0	4
3	14	9	0	4
3	14	10	0	4
3	14	11	0	4
3	14	12	0	4
3	14	13	0	4
3	14	14	0	4
3	14	15	150	4
3	14	16	198	4
3	14	17	0	4
3	14	18	0	4
3	14	19	0	4
3	14	20	0	4
3	14	21	0	4
3	14	22	0	4
3	14	23	0	4
3	14	24	0	4
3	14	25	0	4
3	14	26	0	4
3	14	27	0	4
3	14	28	0	4
3	15	1	0	4
3	15	2	0	4
3	15	3	0	4
3	15	4	0	4
3	15	5	0	4
3	15	6	0	4
3	15	7	0	4
3	15	8	0	4
3	15	9	0	4
3	15	10	0	4
3	15	11	0	4
3	15	12	0	4
3	15	13	0	4
3	15	14	0	4
3	15	15	241	4
3	15	16	143	4
3	15	17	0	4
3	15	18	0	4
3	15	19	0	4
3	15	20	0	4
3	15	21	0	4
3	15	22	0	4
3	15	23	0	4
3	15	24	0	4
3	15	25	0	4
3	15	26	0	4
3	15	27	0	4
3	15	28	0	4
3	16	1	0	4
3	16	2	0	4
3	16	3	0	4
3	16	4	0	4
3	16	5	0	4
3	16	6	0	4
3	16	7	0	4
3	16	8	0	4
3	16	9	0	4
3	16	10	0	4
3	16	11	0	4
3	16	12	0	4
3	16	13	0	4
3	16	14	14	4
3	16	15	243	4
3	16	16	91	4
3	16	17	0	4
3	16	18	0	4
3	16	19	0	4
3	16	20	0	4
3	16	21	0	4
3	16	22	0	4
3	16	23	0	4
3	16	24	0	4
3	16	25	0	4
3	16	26	0	4
3	16	27	0	4
3	16	28	0	4
3	17	1	0	4
3	17	2	0	4
3	17	3	0	4
3	17	4	0	4
3	17	5	0	4
3	17	6	0	4
3	17	7	0	4
3	17	8	0	4
3	17	9	0	4
3	17	10	0	4
3	17	11	0	4
3	17	12	0	4
3	17	13	0	4
3	17	14	86	4
3	17	15	234	4
3	17	16	28	4
3	17	17	0	4
3	17	18	0	4
3	17	19	0	4
3	17	20	0	4
3	17	21	0	4
3	17	22	0	4
3	17	23	0	4
3	17	24	0	4
3	17	25	0	4
3	17	26	0	4
3	17	27	0	4
3	17	28	0	4
3	18	1	0	4
3	18	2	0	4
3	18	3	0	4
3	18	4	0	4
3	18	5	0	4
3	18	6	0	4
3	18	7	0	4
3	18	8	0	4
3	18	9	0	4
3	18	10	0	4
3	18	11	0	4
3	18	12	0	4
3	18	13	0	4
3	18	14	178	4
3	18	15	179	4
3	18	16	5	4
3	18	17	102	4
3	18	18	169	4
3	18	19	169	4
3	18	20	169	4
3	18	21	169	4
3	18	22	169	4
3	18	23	169	4
3	18	24	169	4
3	18	25	96	4
3	18	26	0	4
3	18	27	0	4
3	18	28	0	4
3	19	1	0	4
3	19	2	0	4
3	19	3	0	4
3	19	4	0	4
3	19	5	0	4
3	19	6	0	4
3	19	7	0	4
3	19	8	0	4
3	19	9	0	4
3	19	10	0	4
3	19	11	0	4
3	19	12	23	4
3	19	13	163	4
3	19	14	248	4
3	19	15	241	4
3	19	16	233	4
3	19	17	254	4
3	19	18	254	4
3	19	19	254	4
3	19	20	254	4
3	19	21	255	4
3	19	22	254	4
3	19	23	254	4
3	19	24	255	4
3	19	25	254	4
3	19	26	0	4
3	19	27	0	4
3	19	28	0	4
3	20	1	0	4
3	20	2	0	4
3	20	3	0	4
3	20	4	0	4
3	20	5	0	4
3	20	6	0	4
3	20	7	0	4
3	20	8	2	4
3	20	9	27	4
3	20	10	183	4
3	20	11	198	4
3	20	12	231	4
3	20	13	254	4
3	20	14	254	4
3	20	15	252	4
3	20	16	250	4
3	20	17	220	4
3	20	18	137	4
3	20	19	57	4
3	20	20	57	4
3	20	21	94	4
3	20	22	96	4
3	20	23	153	4
3	20	24	153	4
3	20	25	153	4
3	20	26	0	4
3	20	27	0	4
3	20	28	0	4
3	21	1	0	4
3	21	2	0	4
3	21	3	0	4
3	21	4	0	4
3	21	5	0	4
3	21	6	67	4
3	21	7	120	4
3	21	8	153	4
3	21	9	254	4
3	21	10	254	4
3	21	11	254	4
3	21	12	254	4
3	21	13	216	4
3	21	14	91	4
3	21	15	40	4
3	21	16	0	4
3	21	17	0	4
3	21	18	0	4
3	21	19	0	4
3	21	20	0	4
3	21	21	0	4
3	21	22	0	4
3	21	23	0	4
3	21	24	0	4
3	21	25	0	4
3	21	26	0	4
3	21	27	0	4
3	21	28	0	4
3	22	1	0	4
3	22	2	0	4
3	22	3	0	4
3	22	4	0	4
3	22	5	0	4
3	22	6	232	4
3	22	7	180	4
3	22	8	210	4
3	22	9	162	4
3	22	10	125	4
3	22	11	56	4
3	22	12	29	4
3	22	13	16	4
3	22	14	0	4
3	22	15	0	4
3	22	16	0	4
3	22	17	0	4
3	22	18	0	4
3	22	19	0	4
3	22	20	0	4
3	22	21	0	4
3	22	22	0	4
3	22	23	0	4
3	22	24	0	4
3	22	25	0	4
3	22	26	0	4
3	22	27	0	4
3	22	28	0	4
3	23	1	0	4
3	23	2	0	4
3	23	3	0	4
3	23	4	0	4
3	23	5	0	4
3	23	6	39	4
3	23	7	39	4
3	23	8	40	4
3	23	9	0	4
3	23	10	0	4
3	23	11	0	4
3	23	12	0	4
3	23	13	0	4
3	23	14	0	4
3	23	15	0	4
3	23	16	0	4
3	23	17	0	4
3	23	18	0	4
3	23	19	0	4
3	23	20	0	4
3	23	21	0	4
3	23	22	0	4
3	23	23	0	4
3	23	24	0	4
3	23	25	0	4
3	23	26	0	4
3	23	27	0	4
3	23	28	0	4
3	24	1	0	4
3	24	2	0	4
3	24	3	0	4
3	24	4	0	4
3	24	5	0	4
3	24	6	0	4
3	24	7	0	4
3	24	8	0	4
3	24	9	0	4
3	24	10	0	4
3	24	11	0	4
3	24	12	0	4
3	24	13	0	4
3	24	14	0	4
3	24	15	0	4
3	24	16	0	4
3	24	17	0	4
3	24	18	0	4
3	24	19	0	4
3	24	20	0	4
3	24	21	0	4
3	24	22	0	4
3	24	23	0	4
3	24	24	0	4
3	24	25	0	4
3	24	26	0	4
3	24	27	0	4
3	24	28	0	4
3	25	1	0	4
3	25	2	0	4
3	25	3	0	4
3	25	4	0	4
3	25	5	0	4
3	25	6	0	4
3	25	7	0	4
3	25	8	0	4
3	25	9	0	4
3	25	10	0	4
3	25	11	0	4
3	25	12	0	4
3	25	13	0	4
3	25	14	0	4
3	25	15	0	4
3	25	16	0	4
3	25	17	0	4
3	25	18	0	4
3	25	19	0	4
3	25	20	0	4
3	25	21	0	4
3	25	22	0	4
3	25	23	0	4
3	25	24	0	4
3	25	25	0	4
3	25	26	0	4
3	25	27	0	4
3	25	28	0	4
3	26	1	0	4
3	26	2	0	4
3	26	3	0	4
3	26	4	0	4
3	26	5	0	4
3	26	6	0	4
3	26	7	0	4
3	26	8	0	4
3	26	9	0	4
3	26	10	0	4
3	26	11	0	4
3	26	12	0	4
3	26	13	0	4
3	26	14	0	4
3	26	15	0	4
3	26	16	0	4
3	26	17	0	4
3	26	18	0	4
3	26	19	0	4
3	26	20	0	4
3	26	21	0	4
3	26	22	0	4
3	26	23	0	4
3	26	24	0	4
3	26	25	0	4
3	26	26	0	4
3	26	27	0	4
3	26	28	0	4
3	27	1	0	4
3	27	2	0	4
3	27	3	0	4
3	27	4	0	4
3	27	5	0	4
3	27	6	0	4
3	27	7	0	4
3	27	8	0	4
3	27	9	0	4
3	27	10	0	4
3	27	11	0	4
3	27	12	0	4
3	27	13	0	4
3	27	14	0	4
3	27	15	0	4
3	27	16	0	4
3	27	17	0	4
3	27	18	0	4
3	27	19	0	4
3	27	20	0	4
3	27	21	0	4
3	27	22	0	4
3	27	23	0	4
3	27	24	0	4
3	27	25	0	4
3	27	26	0	4
3	27	27	0	4
3	27	28	0	4
3	28	1	0	4
3	28	2	0	4
3	28	3	0	4
3	28	4	0	4
3	28	5	0	4
3	28	6	0	4
3	28	7	0	4
3	28	8	0	4
3	28	9	0	4
3	28	10	0	4
3	28	11	0	4
3	28	12	0	4
3	28	13	0	4
3	28	14	0	4
3	28	15	0	4
3	28	16	0	4
3	28	17	0	4
3	28	18	0	4
3	28	19	0	4
3	28	20	0	4
3	28	21	0	4
3	28	22	0	4
3	28	23	0	4
3	28	24	0	4
3	28	25	0	4
3	28	26	0	4
3	28	27	0	4
3	28	28	0	4
4	1	1	0	1
4	1	2	0	1
4	1	3	0	1
4	1	4	0	1
4	1	5	0	1
4	1	6	0	1
4	1	7	0	1
4	1	8	0	1
4	1	9	0	1
4	1	10	0	1
4	1	11	0	1
4	1	12	0	1
4	1	13	0	1
4	1	14	0	1
4	1	15	0	1
4	1	16	0	1
4	1	17	0	1
4	1	18	0	1
4	1	19	0	1
4	1	20	0	1
4	1	21	0	1
4	1	22	0	1
4	1	23	0	1
4	1	24	0	1
4	1	25	0	1
4	1	26	0	1
4	1	27	0	1
4	1	28	0	1
4	2	1	0	1
4	2	2	0	1
4	2	3	0	1
4	2	4	0	1
4	2	5	0	1
4	2	6	0	1
4	2	7	0	1
4	2	8	0	1
4	2	9	0	1
4	2	10	0	1
4	2	11	0	1
4	2	12	0	1
4	2	13	0	1
4	2	14	0	1
4	2	15	0	1
4	2	16	0	1
4	2	17	0	1
4	2	18	0	1
4	2	19	0	1
4	2	20	0	1
4	2	21	0	1
4	2	22	0	1
4	2	23	0	1
4	2	24	0	1
4	2	25	0	1
4	2	26	0	1
4	2	27	0	1
4	2	28	0	1
4	3	1	0	1
4	3	2	0	1
4	3	3	0	1
4	3	4	0	1
4	3	5	0	1
4	3	6	0	1
4	3	7	0	1
4	3	8	0	1
4	3	9	0	1
4	3	10	0	1
4	3	11	0	1
4	3	12	0	1
4	3	13	0	1
4	3	14	0	1
4	3	15	0	1
4	3	16	0	1
4	3	17	0	1
4	3	18	0	1
4	3	19	0	1
4	3	20	0	1
4	3	21	0	1
4	3	22	0	1
4	3	23	0	1
4	3	24	0	1
4	3	25	0	1
4	3	26	0	1
4	3	27	0	1
4	3	28	0	1
4	4	1	0	1
4	4	2	0	1
4	4	3	0	1
4	4	4	0	1
4	4	5	0	1
4	4	6	0	1
4	4	7	0	1
4	4	8	0	1
4	4	9	0	1
4	4	10	0	1
4	4	11	0	1
4	4	12	0	1
4	4	13	0	1
4	4	14	0	1
4	4	15	0	1
4	4	16	0	1
4	4	17	0	1
4	4	18	0	1
4	4	19	0	1
4	4	20	0	1
4	4	21	0	1
4	4	22	0	1
4	4	23	0	1
4	4	24	0	1
4	4	25	0	1
4	4	26	0	1
4	4	27	0	1
4	4	28	0	1
4	5	1	0	1
4	5	2	0	1
4	5	3	0	1
4	5	4	0	1
4	5	5	0	1
4	5	6	0	1
4	5	7	0	1
4	5	8	0	1
4	5	9	0	1
4	5	10	0	1
4	5	11	0	1
4	5	12	0	1
4	5	13	0	1
4	5	14	0	1
4	5	15	0	1
4	5	16	0	1
4	5	17	0	1
4	5	18	0	1
4	5	19	0	1
4	5	20	0	1
4	5	21	0	1
4	5	22	0	1
4	5	23	0	1
4	5	24	0	1
4	5	25	0	1
4	5	26	0	1
4	5	27	0	1
4	5	28	0	1
4	6	1	0	1
4	6	2	0	1
4	6	3	0	1
4	6	4	0	1
4	6	5	0	1
4	6	6	0	1
4	6	7	0	1
4	6	8	0	1
4	6	9	0	1
4	6	10	0	1
4	6	11	0	1
4	6	12	0	1
4	6	13	0	1
4	6	14	0	1
4	6	15	0	1
4	6	16	0	1
4	6	17	0	1
4	6	18	0	1
4	6	19	0	1
4	6	20	0	1
4	6	21	0	1
4	6	22	0	1
4	6	23	0	1
4	6	24	0	1
4	6	25	0	1
4	6	26	0	1
4	6	27	0	1
4	6	28	0	1
4	7	1	0	1
4	7	2	0	1
4	7	3	0	1
4	7	4	0	1
4	7	5	0	1
4	7	6	0	1
4	7	7	0	1
4	7	8	0	1
4	7	9	0	1
4	7	10	0	1
4	7	11	0	1
4	7	12	0	1
4	7	13	0	1
4	7	14	0	1
4	7	15	0	1
4	7	16	0	1
4	7	17	0	1
4	7	18	0	1
4	7	19	0	1
4	7	20	0	1
4	7	21	0	1
4	7	22	0	1
4	7	23	0	1
4	7	24	0	1
4	7	25	0	1
4	7	26	0	1
4	7	27	0	1
4	7	28	0	1
4	8	1	0	1
4	8	2	0	1
4	8	3	0	1
4	8	4	0	1
4	8	5	0	1
4	8	6	0	1
4	8	7	0	1
4	8	8	0	1
4	8	9	0	1
4	8	10	0	1
4	8	11	0	1
4	8	12	0	1
4	8	13	0	1
4	8	14	0	1
4	8	15	0	1
4	8	16	0	1
4	8	17	0	1
4	8	18	0	1
4	8	19	0	1
4	8	20	0	1
4	8	21	0	1
4	8	22	0	1
4	8	23	0	1
4	8	24	0	1
4	8	25	0	1
4	8	26	0	1
4	8	27	0	1
4	8	28	0	1
4	9	1	0	1
4	9	2	0	1
4	9	3	0	1
4	9	4	0	1
4	9	5	0	1
4	9	6	0	1
4	9	7	0	1
4	9	8	0	1
4	9	9	0	1
4	9	10	0	1
4	9	11	0	1
4	9	12	0	1
4	9	13	0	1
4	9	14	0	1
4	9	15	0	1
4	9	16	0	1
4	9	17	0	1
4	9	18	0	1
4	9	19	0	1
4	9	20	0	1
4	9	21	0	1
4	9	22	48	1
4	9	23	64	1
4	9	24	64	1
4	9	25	24	1
4	9	26	0	1
4	9	27	0	1
4	9	28	0	1
4	10	1	0	1
4	10	2	0	1
4	10	3	0	1
4	10	4	0	1
4	10	5	0	1
4	10	6	0	1
4	10	7	0	1
4	10	8	0	1
4	10	9	0	1
4	10	10	0	1
4	10	11	0	1
4	10	12	0	1
4	10	13	0	1
4	10	14	0	1
4	10	15	0	1
4	10	16	0	1
4	10	17	0	1
4	10	18	0	1
4	10	19	0	1
4	10	20	0	1
4	10	21	159	1
4	10	22	228	1
4	10	23	251	1
4	10	24	251	1
4	10	25	193	1
4	10	26	0	1
4	10	27	0	1
4	10	28	0	1
4	11	1	0	1
4	11	2	0	1
4	11	3	0	1
4	11	4	0	1
4	11	5	0	1
4	11	6	0	1
4	11	7	0	1
4	11	8	0	1
4	11	9	0	1
4	11	10	0	1
4	11	11	0	1
4	11	12	0	1
4	11	13	0	1
4	11	14	0	1
4	11	15	0	1
4	11	16	0	1
4	11	17	0	1
4	11	18	48	1
4	11	19	234	1
4	11	20	253	1
4	11	21	255	1
4	11	22	253	1
4	11	23	253	1
4	11	24	253	1
4	11	25	253	1
4	11	26	0	1
4	11	27	0	1
4	11	28	0	1
4	12	1	0	1
4	12	2	0	1
4	12	3	0	1
4	12	4	0	1
4	12	5	0	1
4	12	6	0	1
4	12	7	0	1
4	12	8	0	1
4	12	9	0	1
4	12	10	0	1
4	12	11	0	1
4	12	12	0	1
4	12	13	0	1
4	12	14	0	1
4	12	15	0	1
4	12	16	32	1
4	12	17	151	1
4	12	18	221	1
4	12	19	251	1
4	12	20	251	1
4	12	21	253	1
4	12	22	247	1
4	12	23	220	1
4	12	24	220	1
4	12	25	220	1
4	12	26	0	1
4	12	27	0	1
4	12	28	0	1
4	13	1	0	1
4	13	2	0	1
4	13	3	0	1
4	13	4	0	1
4	13	5	0	1
4	13	6	0	1
4	13	7	0	1
4	13	8	0	1
4	13	9	0	1
4	13	10	0	1
4	13	11	0	1
4	13	12	0	1
4	13	13	0	1
4	13	14	0	1
4	13	15	80	1
4	13	16	253	1
4	13	17	251	1
4	13	18	251	1
4	13	19	251	1
4	13	20	251	1
4	13	21	253	1
4	13	22	140	1
4	13	23	0	1
4	13	24	0	1
4	13	25	0	1
4	13	26	0	1
4	13	27	0	1
4	13	28	0	1
4	14	1	0	1
4	14	2	0	1
4	14	3	0	1
4	14	4	0	1
4	14	5	0	1
4	14	6	0	1
4	14	7	0	1
4	14	8	0	1
4	14	9	0	1
4	14	10	0	1
4	14	11	0	1
4	14	12	0	1
4	14	13	32	1
4	14	14	104	1
4	14	15	240	1
4	14	16	253	1
4	14	17	251	1
4	14	18	251	1
4	14	19	196	1
4	14	20	89	1
4	14	21	31	1
4	14	22	8	1
4	14	23	0	1
4	14	24	0	1
4	14	25	0	1
4	14	26	0	1
4	14	27	0	1
4	14	28	0	1
4	15	1	0	1
4	15	2	0	1
4	15	3	0	1
4	15	4	0	1
4	15	5	0	1
4	15	6	0	1
4	15	7	0	1
4	15	8	0	1
4	15	9	0	1
4	15	10	0	1
4	15	11	0	1
4	15	12	20	1
4	15	13	205	1
4	15	14	251	1
4	15	15	251	1
4	15	16	253	1
4	15	17	251	1
4	15	18	172	1
4	15	19	12	1
4	15	20	0	1
4	15	21	0	1
4	15	22	0	1
4	15	23	0	1
4	15	24	0	1
4	15	25	0	1
4	15	26	0	1
4	15	27	0	1
4	15	28	0	1
4	16	1	0	1
4	16	2	0	1
4	16	3	0	1
4	16	4	0	1
4	16	5	0	1
4	16	6	0	1
4	16	7	0	1
4	16	8	0	1
4	16	9	0	1
4	16	10	60	1
4	16	11	155	1
4	16	12	253	1
4	16	13	253	1
4	16	14	253	1
4	16	15	193	1
4	16	16	159	1
4	16	17	39	1
4	16	18	0	1
4	16	19	0	1
4	16	20	0	1
4	16	21	0	1
4	16	22	0	1
4	16	23	0	1
4	16	24	0	1
4	16	25	0	1
4	16	26	0	1
4	16	27	0	1
4	16	28	0	1
4	17	1	0	1
4	17	2	0	1
4	17	3	0	1
4	17	4	0	1
4	17	5	0	1
4	17	6	0	1
4	17	7	0	1
4	17	8	0	1
4	17	9	68	1
4	17	10	228	1
4	17	11	253	1
4	17	12	251	1
4	17	13	251	1
4	17	14	184	1
4	17	15	23	1
4	17	16	0	1
4	17	17	0	1
4	17	18	0	1
4	17	19	0	1
4	17	20	0	1
4	17	21	0	1
4	17	22	0	1
4	17	23	0	1
4	17	24	0	1
4	17	25	0	1
4	17	26	0	1
4	17	27	0	1
4	17	28	0	1
4	18	1	0	1
4	18	2	0	1
4	18	3	0	1
4	18	4	0	1
4	18	5	0	1
4	18	6	0	1
4	18	7	96	1
4	18	8	127	1
4	18	9	236	1
4	18	10	251	1
4	18	11	253	1
4	18	12	235	1
4	18	13	126	1
4	18	14	15	1
4	18	15	0	1
4	18	16	0	1
4	18	17	0	1
4	18	18	0	1
4	18	19	0	1
4	18	20	0	1
4	18	21	0	1
4	18	22	0	1
4	18	23	0	1
4	18	24	0	1
4	18	25	0	1
4	18	26	0	1
4	18	27	0	1
4	18	28	0	1
4	19	1	0	1
4	19	2	0	1
4	19	3	0	1
4	19	4	0	1
4	19	5	0	1
4	19	6	124	1
4	19	7	244	1
4	19	8	251	1
4	19	9	251	1
4	19	10	251	1
4	19	11	189	1
4	19	12	66	1
4	19	13	0	1
4	19	14	0	1
4	19	15	0	1
4	19	16	0	1
4	19	17	0	1
4	19	18	0	1
4	19	19	0	1
4	19	20	0	1
4	19	21	0	1
4	19	22	0	1
4	19	23	0	1
4	19	24	0	1
4	19	25	0	1
4	19	26	0	1
4	19	27	0	1
4	19	28	0	1
4	20	1	0	1
4	20	2	0	1
4	20	3	0	1
4	20	4	0	1
4	20	5	0	1
4	20	6	253	1
4	20	7	251	1
4	20	8	251	1
4	20	9	211	1
4	20	10	94	1
4	20	11	0	1
4	20	12	0	1
4	20	13	0	1
4	20	14	0	1
4	20	15	0	1
4	20	16	0	1
4	20	17	0	1
4	20	18	0	1
4	20	19	0	1
4	20	20	0	1
4	20	21	0	1
4	20	22	0	1
4	20	23	0	1
4	20	24	0	1
4	20	25	0	1
4	20	26	0	1
4	20	27	0	1
4	20	28	0	1
4	21	1	0	1
4	21	2	0	1
4	21	3	0	1
4	21	4	0	1
4	21	5	0	1
4	21	6	255	1
4	21	7	253	1
4	21	8	253	1
4	21	9	31	1
4	21	10	0	1
4	21	11	0	1
4	21	12	0	1
4	21	13	0	1
4	21	14	0	1
4	21	15	0	1
4	21	16	0	1
4	21	17	0	1
4	21	18	0	1
4	21	19	0	1
4	21	20	0	1
4	21	21	0	1
4	21	22	0	1
4	21	23	0	1
4	21	24	0	1
4	21	25	0	1
4	21	26	0	1
4	21	27	0	1
4	21	28	0	1
4	22	1	0	1
4	22	2	0	1
4	22	3	0	1
4	22	4	0	1
4	22	5	0	1
4	22	6	63	1
4	22	7	62	1
4	22	8	62	1
4	22	9	8	1
4	22	10	0	1
4	22	11	0	1
4	22	12	0	1
4	22	13	0	1
4	22	14	0	1
4	22	15	0	1
4	22	16	0	1
4	22	17	0	1
4	22	18	0	1
4	22	19	0	1
4	22	20	0	1
4	22	21	0	1
4	22	22	0	1
4	22	23	0	1
4	22	24	0	1
4	22	25	0	1
4	22	26	0	1
4	22	27	0	1
4	22	28	0	1
4	23	1	0	1
4	23	2	0	1
4	23	3	0	1
4	23	4	0	1
4	23	5	0	1
4	23	6	0	1
4	23	7	0	1
4	23	8	0	1
4	23	9	0	1
4	23	10	0	1
4	23	11	0	1
4	23	12	0	1
4	23	13	0	1
4	23	14	0	1
4	23	15	0	1
4	23	16	0	1
4	23	17	0	1
4	23	18	0	1
4	23	19	0	1
4	23	20	0	1
4	23	21	0	1
4	23	22	0	1
4	23	23	0	1
4	23	24	0	1
4	23	25	0	1
4	23	26	0	1
4	23	27	0	1
4	23	28	0	1
4	24	1	0	1
4	24	2	0	1
4	24	3	0	1
4	24	4	0	1
4	24	5	0	1
4	24	6	0	1
4	24	7	0	1
4	24	8	0	1
4	24	9	0	1
4	24	10	0	1
4	24	11	0	1
4	24	12	0	1
4	24	13	0	1
4	24	14	0	1
4	24	15	0	1
4	24	16	0	1
4	24	17	0	1
4	24	18	0	1
4	24	19	0	1
4	24	20	0	1
4	24	21	0	1
4	24	22	0	1
4	24	23	0	1
4	24	24	0	1
4	24	25	0	1
4	24	26	0	1
4	24	27	0	1
4	24	28	0	1
4	25	1	0	1
4	25	2	0	1
4	25	3	0	1
4	25	4	0	1
4	25	5	0	1
4	25	6	0	1
4	25	7	0	1
4	25	8	0	1
4	25	9	0	1
4	25	10	0	1
4	25	11	0	1
4	25	12	0	1
4	25	13	0	1
4	25	14	0	1
4	25	15	0	1
4	25	16	0	1
4	25	17	0	1
4	25	18	0	1
4	25	19	0	1
4	25	20	0	1
4	25	21	0	1
4	25	22	0	1
4	25	23	0	1
4	25	24	0	1
4	25	25	0	1
4	25	26	0	1
4	25	27	0	1
4	25	28	0	1
4	26	1	0	1
4	26	2	0	1
4	26	3	0	1
4	26	4	0	1
4	26	5	0	1
4	26	6	0	1
4	26	7	0	1
4	26	8	0	1
4	26	9	0	1
4	26	10	0	1
4	26	11	0	1
4	26	12	0	1
4	26	13	0	1
4	26	14	0	1
4	26	15	0	1
4	26	16	0	1
4	26	17	0	1
4	26	18	0	1
4	26	19	0	1
4	26	20	0	1
4	26	21	0	1
4	26	22	0	1
4	26	23	0	1
4	26	24	0	1
4	26	25	0	1
4	26	26	0	1
4	26	27	0	1
4	26	28	0	1
4	27	1	0	1
4	27	2	0	1
4	27	3	0	1
4	27	4	0	1
4	27	5	0	1
4	27	6	0	1
4	27	7	0	1
4	27	8	0	1
4	27	9	0	1
4	27	10	0	1
4	27	11	0	1
4	27	12	0	1
4	27	13	0	1
4	27	14	0	1
4	27	15	0	1
4	27	16	0	1
4	27	17	0	1
4	27	18	0	1
4	27	19	0	1
4	27	20	0	1
4	27	21	0	1
4	27	22	0	1
4	27	23	0	1
4	27	24	0	1
4	27	25	0	1
4	27	26	0	1
4	27	27	0	1
4	27	28	0	1
4	28	1	0	1
4	28	2	0	1
4	28	3	0	1
4	28	4	0	1
4	28	5	0	1
4	28	6	0	1
4	28	7	0	1
4	28	8	0	1
4	28	9	0	1
4	28	10	0	1
4	28	11	0	1
4	28	12	0	1
4	28	13	0	1
4	28	14	0	1
4	28	15	0	1
4	28	16	0	1
4	28	17	0	1
4	28	18	0	1
4	28	19	0	1
4	28	20	0	1
4	28	21	0	1
4	28	22	0	1
4	28	23	0	1
4	28	24	0	1
4	28	25	0	1
4	28	26	0	1
4	28	27	0	1
4	28	28	0	1
5	1	1	0	9
5	1	2	0	9
5	1	3	0	9
5	1	4	0	9
5	1	5	0	9
5	1	6	0	9
5	1	7	0	9
5	1	8	0	9
5	1	9	0	9
5	1	10	0	9
5	1	11	0	9
5	1	12	0	9
5	1	13	0	9
5	1	14	0	9
5	1	15	0	9
5	1	16	0	9
5	1	17	0	9
5	1	18	0	9
5	1	19	0	9
5	1	20	0	9
5	1	21	0	9
5	1	22	0	9
5	1	23	0	9
5	1	24	0	9
5	1	25	0	9
5	1	26	0	9
5	1	27	0	9
5	1	28	0	9
5	2	1	0	9
5	2	2	0	9
5	2	3	0	9
5	2	4	0	9
5	2	5	0	9
5	2	6	0	9
5	2	7	0	9
5	2	8	0	9
5	2	9	0	9
5	2	10	0	9
5	2	11	0	9
5	2	12	0	9
5	2	13	0	9
5	2	14	0	9
5	2	15	0	9
5	2	16	0	9
5	2	17	0	9
5	2	18	0	9
5	2	19	0	9
5	2	20	0	9
5	2	21	0	9
5	2	22	0	9
5	2	23	0	9
5	2	24	0	9
5	2	25	0	9
5	2	26	0	9
5	2	27	0	9
5	2	28	0	9
5	3	1	0	9
5	3	2	0	9
5	3	3	0	9
5	3	4	0	9
5	3	5	0	9
5	3	6	0	9
5	3	7	0	9
5	3	8	0	9
5	3	9	0	9
5	3	10	0	9
5	3	11	0	9
5	3	12	0	9
5	3	13	0	9
5	3	14	0	9
5	3	15	0	9
5	3	16	0	9
5	3	17	0	9
5	3	18	0	9
5	3	19	0	9
5	3	20	0	9
5	3	21	0	9
5	3	22	0	9
5	3	23	0	9
5	3	24	0	9
5	3	25	0	9
5	3	26	0	9
5	3	27	0	9
5	3	28	0	9
5	4	1	0	9
5	4	2	0	9
5	4	3	0	9
5	4	4	0	9
5	4	5	0	9
5	4	6	0	9
5	4	7	0	9
5	4	8	0	9
5	4	9	0	9
5	4	10	0	9
5	4	11	0	9
5	4	12	0	9
5	4	13	0	9
5	4	14	0	9
5	4	15	0	9
5	4	16	0	9
5	4	17	0	9
5	4	18	0	9
5	4	19	0	9
5	4	20	0	9
5	4	21	0	9
5	4	22	0	9
5	4	23	0	9
5	4	24	0	9
5	4	25	0	9
5	4	26	0	9
5	4	27	0	9
5	4	28	0	9
5	5	1	0	9
5	5	2	0	9
5	5	3	0	9
5	5	4	0	9
5	5	5	0	9
5	5	6	0	9
5	5	7	0	9
5	5	8	0	9
5	5	9	0	9
5	5	10	0	9
5	5	11	0	9
5	5	12	0	9
5	5	13	0	9
5	5	14	0	9
5	5	15	0	9
5	5	16	0	9
5	5	17	0	9
5	5	18	0	9
5	5	19	0	9
5	5	20	0	9
5	5	21	0	9
5	5	22	0	9
5	5	23	0	9
5	5	24	0	9
5	5	25	0	9
5	5	26	0	9
5	5	27	0	9
5	5	28	0	9
5	6	1	0	9
5	6	2	0	9
5	6	3	0	9
5	6	4	0	9
5	6	5	0	9
5	6	6	0	9
5	6	7	0	9
5	6	8	0	9
5	6	9	0	9
5	6	10	0	9
5	6	11	0	9
5	6	12	0	9
5	6	13	0	9
5	6	14	0	9
5	6	15	0	9
5	6	16	0	9
5	6	17	0	9
5	6	18	0	9
5	6	19	0	9
5	6	20	0	9
5	6	21	0	9
5	6	22	0	9
5	6	23	0	9
5	6	24	0	9
5	6	25	0	9
5	6	26	0	9
5	6	27	0	9
5	6	28	0	9
5	7	1	0	9
5	7	2	0	9
5	7	3	0	9
5	7	4	0	9
5	7	5	0	9
5	7	6	0	9
5	7	7	0	9
5	7	8	0	9
5	7	9	0	9
5	7	10	0	9
5	7	11	0	9
5	7	12	0	9
5	7	13	0	9
5	7	14	16	9
5	7	15	22	9
5	7	16	16	9
5	7	17	0	9
5	7	18	0	9
5	7	19	0	9
5	7	20	0	9
5	7	21	0	9
5	7	22	0	9
5	7	23	0	9
5	7	24	0	9
5	7	25	0	9
5	7	26	0	9
5	7	27	0	9
5	7	28	0	9
5	8	1	0	9
5	8	2	0	9
5	8	3	0	9
5	8	4	0	9
5	8	5	0	9
5	8	6	0	9
5	8	7	0	9
5	8	8	0	9
5	8	9	0	9
5	8	10	0	9
5	8	11	0	9
5	8	12	0	9
5	8	13	126	9
5	8	14	232	9
5	8	15	252	9
5	8	16	231	9
5	8	17	55	9
5	8	18	0	9
5	8	19	0	9
5	8	20	0	9
5	8	21	0	9
5	8	22	0	9
5	8	23	0	9
5	8	24	0	9
5	8	25	0	9
5	8	26	0	9
5	8	27	0	9
5	8	28	0	9
5	9	1	0	9
5	9	2	0	9
5	9	3	0	9
5	9	4	0	9
5	9	5	0	9
5	9	6	0	9
5	9	7	0	9
5	9	8	0	9
5	9	9	0	9
5	9	10	0	9
5	9	11	0	9
5	9	12	132	9
5	9	13	253	9
5	9	14	252	9
5	9	15	252	9
5	9	16	252	9
5	9	17	235	9
5	9	18	0	9
5	9	19	0	9
5	9	20	0	9
5	9	21	0	9
5	9	22	0	9
5	9	23	0	9
5	9	24	0	9
5	9	25	0	9
5	9	26	0	9
5	9	27	0	9
5	9	28	0	9
5	10	1	0	9
5	10	2	0	9
5	10	3	0	9
5	10	4	0	9
5	10	5	0	9
5	10	6	0	9
5	10	7	0	9
5	10	8	0	9
5	10	9	0	9
5	10	10	4	9
5	10	11	96	9
5	10	12	253	9
5	10	13	247	9
5	10	14	176	9
5	10	15	30	9
5	10	16	253	9
5	10	17	253	9
5	10	18	0	9
5	10	19	0	9
5	10	20	0	9
5	10	21	0	9
5	10	22	0	9
5	10	23	0	9
5	10	24	0	9
5	10	25	0	9
5	10	26	0	9
5	10	27	0	9
5	10	28	0	9
5	11	1	0	9
5	11	2	0	9
5	11	3	0	9
5	11	4	0	9
5	11	5	0	9
5	11	6	0	9
5	11	7	0	9
5	11	8	0	9
5	11	9	0	9
5	11	10	57	9
5	11	11	252	9
5	11	12	252	9
5	11	13	176	9
5	11	14	0	9
5	11	15	22	9
5	11	16	252	9
5	11	17	217	9
5	11	18	0	9
5	11	19	0	9
5	11	20	0	9
5	11	21	0	9
5	11	22	0	9
5	11	23	0	9
5	11	24	0	9
5	11	25	0	9
5	11	26	0	9
5	11	27	0	9
5	11	28	0	9
5	12	1	0	9
5	12	2	0	9
5	12	3	0	9
5	12	4	0	9
5	12	5	0	9
5	12	6	0	9
5	12	7	0	9
5	12	8	0	9
5	12	9	87	9
5	12	10	242	9
5	12	11	252	9
5	12	12	146	9
5	12	13	9	9
5	12	14	0	9
5	12	15	119	9
5	12	16	252	9
5	12	17	138	9
5	12	18	0	9
5	12	19	0	9
5	12	20	0	9
5	12	21	0	9
5	12	22	0	9
5	12	23	0	9
5	12	24	0	9
5	12	25	0	9
5	12	26	0	9
5	12	27	0	9
5	12	28	0	9
5	13	1	0	9
5	13	2	0	9
5	13	3	0	9
5	13	4	0	9
5	13	5	0	9
5	13	6	0	9
5	13	7	0	9
5	13	8	55	9
5	13	9	232	9
5	13	10	252	9
5	13	11	183	9
5	13	12	14	9
5	13	13	0	9
5	13	14	0	9
5	13	15	197	9
5	13	16	252	9
5	13	17	42	9
5	13	18	0	9
5	13	19	0	9
5	13	20	0	9
5	13	21	0	9
5	13	22	0	9
5	13	23	0	9
5	13	24	0	9
5	13	25	0	9
5	13	26	0	9
5	13	27	0	9
5	13	28	0	9
5	14	1	0	9
5	14	2	0	9
5	14	3	0	9
5	14	4	0	9
5	14	5	0	9
5	14	6	0	9
5	14	7	0	9
5	14	8	148	9
5	14	9	252	9
5	14	10	190	9
5	14	11	14	9
5	14	12	0	9
5	14	13	0	9
5	14	14	36	9
5	14	15	241	9
5	14	16	226	9
5	14	17	24	9
5	14	18	62	9
5	14	19	71	9
5	14	20	0	9
5	14	21	71	9
5	14	22	106	9
5	14	23	45	9
5	14	24	0	9
5	14	25	0	9
5	14	26	0	9
5	14	27	0	9
5	14	28	0	9
5	15	1	0	9
5	15	2	0	9
5	15	3	0	9
5	15	4	0	9
5	15	5	0	9
5	15	6	0	9
5	15	7	0	9
5	15	8	210	9
5	15	9	253	9
5	15	10	65	9
5	15	11	0	9
5	15	12	0	9
5	15	13	8	9
5	15	14	201	9
5	15	15	253	9
5	15	16	227	9
5	15	17	192	9
5	15	18	255	9
5	15	19	253	9
5	15	20	253	9
5	15	21	253	9
5	15	22	253	9
5	15	23	255	9
5	15	24	218	9
5	15	25	96	9
5	15	26	14	9
5	15	27	0	9
5	15	28	0	9
5	16	1	0	9
5	16	2	0	9
5	16	3	0	9
5	16	4	0	9
5	16	5	0	9
5	16	6	0	9
5	16	7	0	9
5	16	8	253	9
5	16	9	189	9
5	16	10	5	9
5	16	11	0	9
5	16	12	0	9
5	16	13	78	9
5	16	14	252	9
5	16	15	252	9
5	16	16	252	9
5	16	17	252	9
5	16	18	253	9
5	16	19	252	9
5	16	20	252	9
5	16	21	252	9
5	16	22	252	9
5	16	23	253	9
5	16	24	252	9
5	16	25	252	9
5	16	26	184	9
5	16	27	14	9
5	16	28	0	9
5	17	1	0	9
5	17	2	0	9
5	17	3	0	9
5	17	4	0	9
5	17	5	0	9
5	17	6	0	9
5	17	7	0	9
5	17	8	253	9
5	17	9	210	9
5	17	10	12	9
5	17	11	92	9
5	17	12	215	9
5	17	13	245	9
5	17	14	252	9
5	17	15	251	9
5	17	16	231	9
5	17	17	143	9
5	17	18	109	9
5	17	19	21	9
5	17	20	21	9
5	17	21	21	9
5	17	22	21	9
5	17	23	21	9
5	17	24	56	9
5	17	25	189	9
5	17	26	252	9
5	17	27	147	9
5	17	28	0	9
5	18	1	0	9
5	18	2	0	9
5	18	3	0	9
5	18	4	0	9
5	18	5	0	9
5	18	6	0	9
5	18	7	0	9
5	18	8	113	9
5	18	9	252	9
5	18	10	182	9
5	18	11	252	9
5	18	12	252	9
5	18	13	253	9
5	18	14	169	9
5	18	15	77	9
5	18	16	0	9
5	18	17	0	9
5	18	18	0	9
5	18	19	0	9
5	18	20	0	9
5	18	21	0	9
5	18	22	0	9
5	18	23	0	9
5	18	24	0	9
5	18	25	42	9
5	18	26	170	9
5	18	27	252	9
5	18	28	0	9
5	19	1	0	9
5	19	2	0	9
5	19	3	0	9
5	19	4	0	9
5	19	5	0	9
5	19	6	0	9
5	19	7	0	9
5	19	8	87	9
5	19	9	252	9
5	19	10	252	9
5	19	11	252	9
5	19	12	252	9
5	19	13	129	9
5	19	14	11	9
5	19	15	0	9
5	19	16	0	9
5	19	17	0	9
5	19	18	0	9
5	19	19	0	9
5	19	20	0	9
5	19	21	0	9
5	19	22	0	9
5	19	23	0	9
5	19	24	0	9
5	19	25	0	9
5	19	26	11	9
5	19	27	42	9
5	19	28	0	9
5	20	1	0	9
5	20	2	0	9
5	20	3	0	9
5	20	4	0	9
5	20	5	0	9
5	20	6	0	9
5	20	7	0	9
5	20	8	148	9
5	20	9	253	9
5	20	10	253	9
5	20	11	225	9
5	20	12	79	9
5	20	13	0	9
5	20	14	0	9
5	20	15	0	9
5	20	16	0	9
5	20	17	0	9
5	20	18	0	9
5	20	19	0	9
5	20	20	0	9
5	20	21	0	9
5	20	22	0	9
5	20	23	0	9
5	20	24	0	9
5	20	25	0	9
5	20	26	0	9
5	20	27	0	9
5	20	28	0	9
5	21	1	0	9
5	21	2	0	9
5	21	3	0	9
5	21	4	0	9
5	21	5	0	9
5	21	6	0	9
5	21	7	0	9
5	21	8	55	9
5	21	9	168	9
5	21	10	116	9
5	21	11	21	9
5	21	12	0	9
5	21	13	0	9
5	21	14	0	9
5	21	15	0	9
5	21	16	0	9
5	21	17	0	9
5	21	18	0	9
5	21	19	0	9
5	21	20	0	9
5	21	21	0	9
5	21	22	0	9
5	21	23	0	9
5	21	24	0	9
5	21	25	0	9
5	21	26	0	9
5	21	27	0	9
5	21	28	0	9
5	22	1	0	9
5	22	2	0	9
5	22	3	0	9
5	22	4	0	9
5	22	5	0	9
5	22	6	0	9
5	22	7	0	9
5	22	8	0	9
5	22	9	0	9
5	22	10	0	9
5	22	11	0	9
5	22	12	0	9
5	22	13	0	9
5	22	14	0	9
5	22	15	0	9
5	22	16	0	9
5	22	17	0	9
5	22	18	0	9
5	22	19	0	9
5	22	20	0	9
5	22	21	0	9
5	22	22	0	9
5	22	23	0	9
5	22	24	0	9
5	22	25	0	9
5	22	26	0	9
5	22	27	0	9
5	22	28	0	9
5	23	1	0	9
5	23	2	0	9
5	23	3	0	9
5	23	4	0	9
5	23	5	0	9
5	23	6	0	9
5	23	7	0	9
5	23	8	0	9
5	23	9	0	9
5	23	10	0	9
5	23	11	0	9
5	23	12	0	9
5	23	13	0	9
5	23	14	0	9
5	23	15	0	9
5	23	16	0	9
5	23	17	0	9
5	23	18	0	9
5	23	19	0	9
5	23	20	0	9
5	23	21	0	9
5	23	22	0	9
5	23	23	0	9
5	23	24	0	9
5	23	25	0	9
5	23	26	0	9
5	23	27	0	9
5	23	28	0	9
5	24	1	0	9
5	24	2	0	9
5	24	3	0	9
5	24	4	0	9
5	24	5	0	9
5	24	6	0	9
5	24	7	0	9
5	24	8	0	9
5	24	9	0	9
5	24	10	0	9
5	24	11	0	9
5	24	12	0	9
5	24	13	0	9
5	24	14	0	9
5	24	15	0	9
5	24	16	0	9
5	24	17	0	9
5	24	18	0	9
5	24	19	0	9
5	24	20	0	9
5	24	21	0	9
5	24	22	0	9
5	24	23	0	9
5	24	24	0	9
5	24	25	0	9
5	24	26	0	9
5	24	27	0	9
5	24	28	0	9
5	25	1	0	9
5	25	2	0	9
5	25	3	0	9
5	25	4	0	9
5	25	5	0	9
5	25	6	0	9
5	25	7	0	9
5	25	8	0	9
5	25	9	0	9
5	25	10	0	9
5	25	11	0	9
5	25	12	0	9
5	25	13	0	9
5	25	14	0	9
5	25	15	0	9
5	25	16	0	9
5	25	17	0	9
5	25	18	0	9
5	25	19	0	9
5	25	20	0	9
5	25	21	0	9
5	25	22	0	9
5	25	23	0	9
5	25	24	0	9
5	25	25	0	9
5	25	26	0	9
5	25	27	0	9
5	25	28	0	9
5	26	1	0	9
5	26	2	0	9
5	26	3	0	9
5	26	4	0	9
5	26	5	0	9
5	26	6	0	9
5	26	7	0	9
5	26	8	0	9
5	26	9	0	9
5	26	10	0	9
5	26	11	0	9
5	26	12	0	9
5	26	13	0	9
5	26	14	0	9
5	26	15	0	9
5	26	16	0	9
5	26	17	0	9
5	26	18	0	9
5	26	19	0	9
5	26	20	0	9
5	26	21	0	9
5	26	22	0	9
5	26	23	0	9
5	26	24	0	9
5	26	25	0	9
5	26	26	0	9
5	26	27	0	9
5	26	28	0	9
5	27	1	0	9
5	27	2	0	9
5	27	3	0	9
5	27	4	0	9
5	27	5	0	9
5	27	6	0	9
5	27	7	0	9
5	27	8	0	9
5	27	9	0	9
5	27	10	0	9
5	27	11	0	9
5	27	12	0	9
5	27	13	0	9
5	27	14	0	9
5	27	15	0	9
5	27	16	0	9
5	27	17	0	9
5	27	18	0	9
5	27	19	0	9
5	27	20	0	9
5	27	21	0	9
5	27	22	0	9
5	27	23	0	9
5	27	24	0	9
5	27	25	0	9
5	27	26	0	9
5	27	27	0	9
5	27	28	0	9
5	28	1	0	9
5	28	2	0	9
5	28	3	0	9
5	28	4	0	9
5	28	5	0	9
5	28	6	0	9
5	28	7	0	9
5	28	8	0	9
5	28	9	0	9
5	28	10	0	9
5	28	11	0	9
5	28	12	0	9
5	28	13	0	9
5	28	14	0	9
5	28	15	0	9
5	28	16	0	9
5	28	17	0	9
5	28	18	0	9
5	28	19	0	9
5	28	20	0	9
5	28	21	0	9
5	28	22	0	9
5	28	23	0	9
5	28	24	0	9
5	28	25	0	9
5	28	26	0	9
5	28	27	0	9
5	28	28	0	9
6	1	1	0	2
6	1	2	0	2
6	1	3	0	2
6	1	4	0	2
6	1	5	0	2
6	1	6	0	2
6	1	7	0	2
6	1	8	0	2
6	1	9	0	2
6	1	10	0	2
6	1	11	0	2
6	1	12	0	2
6	1	13	0	2
6	1	14	0	2
6	1	15	0	2
6	1	16	0	2
6	1	17	0	2
6	1	18	0	2
6	1	19	0	2
6	1	20	0	2
6	1	21	0	2
6	1	22	0	2
6	1	23	0	2
6	1	24	0	2
6	1	25	0	2
6	1	26	0	2
6	1	27	0	2
6	1	28	0	2
6	2	1	0	2
6	2	2	0	2
6	2	3	0	2
6	2	4	0	2
6	2	5	0	2
6	2	6	0	2
6	2	7	0	2
6	2	8	0	2
6	2	9	0	2
6	2	10	0	2
6	2	11	0	2
6	2	12	0	2
6	2	13	0	2
6	2	14	0	2
6	2	15	0	2
6	2	16	0	2
6	2	17	0	2
6	2	18	0	2
6	2	19	0	2
6	2	20	0	2
6	2	21	0	2
6	2	22	0	2
6	2	23	0	2
6	2	24	0	2
6	2	25	0	2
6	2	26	0	2
6	2	27	0	2
6	2	28	0	2
6	3	1	0	2
6	3	2	0	2
6	3	3	0	2
6	3	4	0	2
6	3	5	0	2
6	3	6	0	2
6	3	7	0	2
6	3	8	0	2
6	3	9	0	2
6	3	10	0	2
6	3	11	0	2
6	3	12	0	2
6	3	13	0	2
6	3	14	0	2
6	3	15	0	2
6	3	16	0	2
6	3	17	0	2
6	3	18	0	2
6	3	19	0	2
6	3	20	0	2
6	3	21	0	2
6	3	22	0	2
6	3	23	0	2
6	3	24	0	2
6	3	25	0	2
6	3	26	0	2
6	3	27	0	2
6	3	28	0	2
6	4	1	0	2
6	4	2	0	2
6	4	3	0	2
6	4	4	0	2
6	4	5	0	2
6	4	6	0	2
6	4	7	0	2
6	4	8	0	2
6	4	9	0	2
6	4	10	0	2
6	4	11	0	2
6	4	12	0	2
6	4	13	0	2
6	4	14	0	2
6	4	15	0	2
6	4	16	0	2
6	4	17	0	2
6	4	18	0	2
6	4	19	0	2
6	4	20	0	2
6	4	21	0	2
6	4	22	0	2
6	4	23	0	2
6	4	24	0	2
6	4	25	0	2
6	4	26	0	2
6	4	27	0	2
6	4	28	0	2
6	5	1	0	2
6	5	2	0	2
6	5	3	0	2
6	5	4	0	2
6	5	5	0	2
6	5	6	0	2
6	5	7	0	2
6	5	8	0	2
6	5	9	0	2
6	5	10	0	2
6	5	11	0	2
6	5	12	0	2
6	5	13	0	2
6	5	14	0	2
6	5	15	0	2
6	5	16	0	2
6	5	17	0	2
6	5	18	0	2
6	5	19	0	2
6	5	20	0	2
6	5	21	0	2
6	5	22	0	2
6	5	23	0	2
6	5	24	0	2
6	5	25	0	2
6	5	26	0	2
6	5	27	0	2
6	5	28	0	2
6	6	1	0	2
6	6	2	0	2
6	6	3	0	2
6	6	4	0	2
6	6	5	0	2
6	6	6	0	2
6	6	7	0	2
6	6	8	0	2
6	6	9	0	2
6	6	10	0	2
6	6	11	0	2
6	6	12	0	2
6	6	13	0	2
6	6	14	0	2
6	6	15	0	2
6	6	16	0	2
6	6	17	0	2
6	6	18	0	2
6	6	19	3	2
6	6	20	105	2
6	6	21	231	2
6	6	22	207	2
6	6	23	13	2
6	6	24	0	2
6	6	25	0	2
6	6	26	0	2
6	6	27	0	2
6	6	28	0	2
6	7	1	0	2
6	7	2	0	2
6	7	3	0	2
6	7	4	0	2
6	7	5	0	2
6	7	6	0	2
6	7	7	0	2
6	7	8	0	2
6	7	9	0	2
6	7	10	0	2
6	7	11	0	2
6	7	12	0	2
6	7	13	0	2
6	7	14	0	2
6	7	15	0	2
6	7	16	0	2
6	7	17	0	2
6	7	18	5	2
6	7	19	136	2
6	7	20	252	2
6	7	21	252	2
6	7	22	252	2
6	7	23	93	2
6	7	24	0	2
6	7	25	0	2
6	7	26	0	2
6	7	27	0	2
6	7	28	0	2
6	8	1	0	2
6	8	2	0	2
6	8	3	0	2
6	8	4	0	2
6	8	5	0	2
6	8	6	0	2
6	8	7	0	2
6	8	8	0	2
6	8	9	0	2
6	8	10	0	2
6	8	11	0	2
6	8	12	0	2
6	8	13	0	2
6	8	14	0	2
6	8	15	0	2
6	8	16	0	2
6	8	17	6	2
6	8	18	135	2
6	8	19	252	2
6	8	20	242	2
6	8	21	245	2
6	8	22	252	2
6	8	23	143	2
6	8	24	0	2
6	8	25	0	2
6	8	26	0	2
6	8	27	0	2
6	8	28	0	2
6	9	1	0	2
6	9	2	0	2
6	9	3	0	2
6	9	4	0	2
6	9	5	0	2
6	9	6	0	2
6	9	7	0	2
6	9	8	0	2
6	9	9	0	2
6	9	10	0	2
6	9	11	0	2
6	9	12	0	2
6	9	13	0	2
6	9	14	0	2
6	9	15	0	2
6	9	16	5	2
6	9	17	78	2
6	9	18	252	2
6	9	19	241	2
6	9	20	88	2
6	9	21	205	2
6	9	22	252	2
6	9	23	121	2
6	9	24	0	2
6	9	25	0	2
6	9	26	0	2
6	9	27	0	2
6	9	28	0	2
6	10	1	0	2
6	10	2	0	2
6	10	3	0	2
6	10	4	0	2
6	10	5	0	2
6	10	6	0	2
6	10	7	0	2
6	10	8	0	2
6	10	9	15	2
6	10	10	96	2
6	10	11	181	2
6	10	12	26	2
6	10	13	0	2
6	10	14	0	2
6	10	15	0	2
6	10	16	54	2
6	10	17	252	2
6	10	18	252	2
6	10	19	106	2
6	10	20	18	2
6	10	21	216	2
6	10	22	252	2
6	10	23	23	2
6	10	24	0	2
6	10	25	0	2
6	10	26	0	2
6	10	27	0	2
6	10	28	0	2
6	11	1	0	2
6	11	2	0	2
6	11	3	0	2
6	11	4	0	2
6	11	5	0	2
6	11	6	0	2
6	11	7	0	2
6	11	8	0	2
6	11	9	152	2
6	11	10	252	2
6	11	11	252	2
6	11	12	128	2
6	11	13	0	2
6	11	14	0	2
6	11	15	10	2
6	11	16	227	2
6	11	17	252	2
6	11	18	180	2
6	11	19	17	2
6	11	20	73	2
6	11	21	252	2
6	11	22	178	2
6	11	23	6	2
6	11	24	0	2
6	11	25	0	2
6	11	26	0	2
6	11	27	0	2
6	11	28	0	2
6	12	1	0	2
6	12	2	0	2
6	12	3	0	2
6	12	4	0	2
6	12	5	0	2
6	12	6	0	2
6	12	7	0	2
6	12	8	40	2
6	12	9	239	2
6	12	10	252	2
6	12	11	252	2
6	12	12	58	2
6	12	13	0	2
6	12	14	0	2
6	12	15	53	2
6	12	16	252	2
6	12	17	125	2
6	12	18	16	2
6	12	19	0	2
6	12	20	170	2
6	12	21	252	2
6	12	22	116	2
6	12	23	0	2
6	12	24	0	2
6	12	25	0	2
6	12	26	0	2
6	12	27	0	2
6	12	28	0	2
6	13	1	0	2
6	13	2	0	2
6	13	3	0	2
6	13	4	0	2
6	13	5	0	2
6	13	6	0	2
6	13	7	0	2
6	13	8	152	2
6	13	9	252	2
6	13	10	252	2
6	13	11	220	2
6	13	12	22	2
6	13	13	0	2
6	13	14	0	2
6	13	15	179	2
6	13	16	243	2
6	13	17	59	2
6	13	18	0	2
6	13	19	53	2
6	13	20	244	2
6	13	21	252	2
6	13	22	36	2
6	13	23	0	2
6	13	24	0	2
6	13	25	0	2
6	13	26	0	2
6	13	27	0	2
6	13	28	0	2
6	14	1	0	2
6	14	2	0	2
6	14	3	0	2
6	14	4	0	2
6	14	5	0	2
6	14	6	0	2
6	14	7	33	2
6	14	8	244	2
6	14	9	252	2
6	14	10	252	2
6	14	11	167	2
6	14	12	0	2
6	14	13	0	2
6	14	14	110	2
6	14	15	253	2
6	14	16	228	2
6	14	17	0	2
6	14	18	21	2
6	14	19	200	2
6	14	20	252	2
6	14	21	124	2
6	14	22	4	2
6	14	23	0	2
6	14	24	0	2
6	14	25	0	2
6	14	26	0	2
6	14	27	0	2
6	14	28	0	2
6	15	1	0	2
6	15	2	0	2
6	15	3	0	2
6	15	4	0	2
6	15	5	0	2
6	15	6	0	2
6	15	7	151	2
6	15	8	252	2
6	15	9	252	2
6	15	10	217	2
6	15	11	30	2
6	15	12	0	2
6	15	13	0	2
6	15	14	121	2
6	15	15	253	2
6	15	16	170	2
6	15	17	18	2
6	15	18	203	2
6	15	19	252	2
6	15	20	126	2
6	15	21	3	2
6	15	22	0	2
6	15	23	0	2
6	15	24	0	2
6	15	25	0	2
6	15	26	0	2
6	15	27	0	2
6	15	28	0	2
6	16	1	0	2
6	16	2	0	2
6	16	3	0	2
6	16	4	0	2
6	16	5	0	2
6	16	6	13	2
6	16	7	208	2
6	16	8	253	2
6	16	9	216	2
6	16	10	29	2
6	16	11	0	2
6	16	12	0	2
6	16	13	0	2
6	16	14	122	2
6	16	15	255	2
6	16	16	242	2
6	16	17	208	2
6	16	18	253	2
6	16	19	216	2
6	16	20	29	2
6	16	21	0	2
6	16	22	0	2
6	16	23	0	2
6	16	24	0	2
6	16	25	0	2
6	16	26	0	2
6	16	27	0	2
6	16	28	0	2
6	17	1	0	2
6	17	2	0	2
6	17	3	0	2
6	17	4	0	2
6	17	5	0	2
6	17	6	25	2
6	17	7	252	2
6	17	8	224	2
6	17	9	31	2
6	17	10	0	2
6	17	11	0	2
6	17	12	0	2
6	17	13	0	2
6	17	14	121	2
6	17	15	253	2
6	17	16	252	2
6	17	17	252	2
6	17	18	247	2
6	17	19	65	2
6	17	20	0	2
6	17	21	0	2
6	17	22	0	2
6	17	23	0	2
6	17	24	0	2
6	17	25	0	2
6	17	26	0	2
6	17	27	0	2
6	17	28	0	2
6	18	1	0	2
6	18	2	0	2
6	18	3	0	2
6	18	4	0	2
6	18	5	0	2
6	18	6	100	2
6	18	7	252	2
6	18	8	211	2
6	18	9	37	2
6	18	10	37	2
6	18	11	77	2
6	18	12	100	2
6	18	13	157	2
6	18	14	202	2
6	18	15	253	2
6	18	16	252	2
6	18	17	252	2
6	18	18	129	2
6	18	19	0	2
6	18	20	0	2
6	18	21	0	2
6	18	22	0	2
6	18	23	0	2
6	18	24	0	2
6	18	25	0	2
6	18	26	0	2
6	18	27	0	2
6	18	28	0	2
6	19	1	0	2
6	19	2	0	2
6	19	3	0	2
6	19	4	0	2
6	19	5	0	2
6	19	6	122	2
6	19	7	252	2
6	19	8	252	2
6	19	9	252	2
6	19	10	252	2
6	19	11	252	2
6	19	12	252	2
6	19	13	252	2
6	19	14	252	2
6	19	15	228	2
6	19	16	231	2
6	19	17	252	2
6	19	18	173	2
6	19	19	14	2
6	19	20	0	2
6	19	21	0	2
6	19	22	0	2
6	19	23	0	2
6	19	24	0	2
6	19	25	0	2
6	19	26	0	2
6	19	27	0	2
6	19	28	0	2
6	20	1	0	2
6	20	2	0	2
6	20	3	0	2
6	20	4	0	2
6	20	5	0	2
6	20	6	7	2
6	20	7	146	2
6	20	8	232	2
6	20	9	252	2
6	20	10	252	2
6	20	11	252	2
6	20	12	252	2
6	20	13	252	2
6	20	14	194	2
6	20	15	35	2
6	20	16	117	2
6	20	17	252	2
6	20	18	252	2
6	20	19	72	2
6	20	20	0	2
6	20	21	0	2
6	20	22	0	2
6	20	23	0	2
6	20	24	0	2
6	20	25	0	2
6	20	26	0	2
6	20	27	0	2
6	20	28	0	2
6	21	1	0	2
6	21	2	0	2
6	21	3	0	2
6	21	4	0	2
6	21	5	0	2
6	21	6	0	2
6	21	7	0	2
6	21	8	40	2
6	21	9	60	2
6	21	10	60	2
6	21	11	60	2
6	21	12	60	2
6	21	13	60	2
6	21	14	3	2
6	21	15	0	2
6	21	16	6	2
6	21	17	87	2
6	21	18	252	2
6	21	19	163	2
6	21	20	0	2
6	21	21	0	2
6	21	22	0	2
6	21	23	0	2
6	21	24	0	2
6	21	25	0	2
6	21	26	0	2
6	21	27	0	2
6	21	28	0	2
6	22	1	0	2
6	22	2	0	2
6	22	3	0	2
6	22	4	0	2
6	22	5	0	2
6	22	6	0	2
6	22	7	0	2
6	22	8	0	2
6	22	9	0	2
6	22	10	0	2
6	22	11	0	2
6	22	12	0	2
6	22	13	0	2
6	22	14	0	2
6	22	15	0	2
6	22	16	0	2
6	22	17	7	2
6	22	18	184	2
6	22	19	241	2
6	22	20	89	2
6	22	21	0	2
6	22	22	0	2
6	22	23	0	2
6	22	24	0	2
6	22	25	0	2
6	22	26	0	2
6	22	27	0	2
6	22	28	0	2
6	23	1	0	2
6	23	2	0	2
6	23	3	0	2
6	23	4	0	2
6	23	5	0	2
6	23	6	0	2
6	23	7	0	2
6	23	8	0	2
6	23	9	0	2
6	23	10	0	2
6	23	11	0	2
6	23	12	0	2
6	23	13	0	2
6	23	14	0	2
6	23	15	0	2
6	23	16	0	2
6	23	17	0	2
6	23	18	66	2
6	23	19	252	2
6	23	20	180	2
6	23	21	0	2
6	23	22	0	2
6	23	23	0	2
6	23	24	0	2
6	23	25	0	2
6	23	26	0	2
6	23	27	0	2
6	23	28	0	2
6	24	1	0	2
6	24	2	0	2
6	24	3	0	2
6	24	4	0	2
6	24	5	0	2
6	24	6	0	2
6	24	7	0	2
6	24	8	0	2
6	24	9	0	2
6	24	10	0	2
6	24	11	0	2
6	24	12	0	2
6	24	13	0	2
6	24	14	0	2
6	24	15	0	2
6	24	16	0	2
6	24	17	0	2
6	24	18	49	2
6	24	19	252	2
6	24	20	180	2
6	24	21	0	2
6	24	22	0	2
6	24	23	0	2
6	24	24	0	2
6	24	25	0	2
6	24	26	0	2
6	24	27	0	2
6	24	28	0	2
6	25	1	0	2
6	25	2	0	2
6	25	3	0	2
6	25	4	0	2
6	25	5	0	2
6	25	6	0	2
6	25	7	0	2
6	25	8	0	2
6	25	9	0	2
6	25	10	0	2
6	25	11	0	2
6	25	12	0	2
6	25	13	0	2
6	25	14	0	2
6	25	15	0	2
6	25	16	0	2
6	25	17	0	2
6	25	18	49	2
6	25	19	223	2
6	25	20	37	2
6	25	21	0	2
6	25	22	0	2
6	25	23	0	2
6	25	24	0	2
6	25	25	0	2
6	25	26	0	2
6	25	27	0	2
6	25	28	0	2
6	26	1	0	2
6	26	2	0	2
6	26	3	0	2
6	26	4	0	2
6	26	5	0	2
6	26	6	0	2
6	26	7	0	2
6	26	8	0	2
6	26	9	0	2
6	26	10	0	2
6	26	11	0	2
6	26	12	0	2
6	26	13	0	2
6	26	14	0	2
6	26	15	0	2
6	26	16	0	2
6	26	17	0	2
6	26	18	0	2
6	26	19	0	2
6	26	20	0	2
6	26	21	0	2
6	26	22	0	2
6	26	23	0	2
6	26	24	0	2
6	26	25	0	2
6	26	26	0	2
6	26	27	0	2
6	26	28	0	2
6	27	1	0	2
6	27	2	0	2
6	27	3	0	2
6	27	4	0	2
6	27	5	0	2
6	27	6	0	2
6	27	7	0	2
6	27	8	0	2
6	27	9	0	2
6	27	10	0	2
6	27	11	0	2
6	27	12	0	2
6	27	13	0	2
6	27	14	0	2
6	27	15	0	2
6	27	16	0	2
6	27	17	0	2
6	27	18	0	2
6	27	19	0	2
6	27	20	0	2
6	27	21	0	2
6	27	22	0	2
6	27	23	0	2
6	27	24	0	2
6	27	25	0	2
6	27	26	0	2
6	27	27	0	2
6	27	28	0	2
6	28	1	0	2
6	28	2	0	2
6	28	3	0	2
6	28	4	0	2
6	28	5	0	2
6	28	6	0	2
6	28	7	0	2
6	28	8	0	2
6	28	9	0	2
6	28	10	0	2
6	28	11	0	2
6	28	12	0	2
6	28	13	0	2
6	28	14	0	2
6	28	15	0	2
6	28	16	0	2
6	28	17	0	2
6	28	18	0	2
6	28	19	0	2
6	28	20	0	2
6	28	21	0	2
6	28	22	0	2
6	28	23	0	2
6	28	24	0	2
6	28	25	0	2
6	28	26	0	2
6	28	27	0	2
6	28	28	0	2
8	1	1	0	3
8	1	2	0	3
8	1	3	0	3
8	1	4	0	3
8	1	5	0	3
8	1	6	0	3
8	1	7	0	3
8	1	8	0	3
8	1	9	0	3
8	1	10	0	3
8	1	11	0	3
8	1	12	0	3
8	1	13	0	3
8	1	14	0	3
8	1	15	0	3
8	1	16	0	3
8	1	17	0	3
8	1	18	0	3
8	1	19	0	3
8	1	20	0	3
8	1	21	0	3
8	1	22	0	3
8	1	23	0	3
8	1	24	0	3
8	1	25	0	3
8	1	26	0	3
8	1	27	0	3
8	1	28	0	3
8	2	1	0	3
8	2	2	0	3
8	2	3	0	3
8	2	4	0	3
8	2	5	0	3
8	2	6	0	3
8	2	7	0	3
8	2	8	0	3
8	2	9	0	3
8	2	10	0	3
8	2	11	0	3
8	2	12	0	3
8	2	13	0	3
8	2	14	0	3
8	2	15	0	3
8	2	16	0	3
8	2	17	0	3
8	2	18	0	3
8	2	19	0	3
8	2	20	0	3
8	2	21	0	3
8	2	22	0	3
8	2	23	0	3
8	2	24	0	3
8	2	25	0	3
8	2	26	0	3
8	2	27	0	3
8	2	28	0	3
8	3	1	0	3
8	3	2	0	3
8	3	3	0	3
8	3	4	0	3
8	3	5	0	3
8	3	6	0	3
8	3	7	0	3
8	3	8	0	3
8	3	9	0	3
8	3	10	0	3
8	3	11	0	3
8	3	12	0	3
8	3	13	0	3
8	3	14	0	3
8	3	15	0	3
8	3	16	0	3
8	3	17	0	3
8	3	18	0	3
8	3	19	0	3
8	3	20	0	3
8	3	21	0	3
8	3	22	0	3
8	3	23	0	3
8	3	24	0	3
8	3	25	0	3
8	3	26	0	3
8	3	27	0	3
8	3	28	0	3
8	4	1	0	3
8	4	2	0	3
8	4	3	0	3
8	4	4	0	3
8	4	5	0	3
8	4	6	0	3
8	4	7	0	3
8	4	8	0	3
8	4	9	0	3
8	4	10	0	3
8	4	11	0	3
8	4	12	0	3
8	4	13	0	3
8	4	14	0	3
8	4	15	0	3
8	4	16	0	3
8	4	17	0	3
8	4	18	0	3
8	4	19	0	3
8	4	20	0	3
8	4	21	0	3
8	4	22	0	3
8	4	23	0	3
8	4	24	0	3
8	4	25	0	3
8	4	26	0	3
8	4	27	0	3
8	4	28	0	3
8	5	1	0	3
8	5	2	0	3
8	5	3	0	3
8	5	4	0	3
8	5	5	0	3
8	5	6	0	3
8	5	7	0	3
8	5	8	0	3
8	5	9	0	3
8	5	10	0	3
8	5	11	0	3
8	5	12	0	3
8	5	13	0	3
8	5	14	0	3
8	5	15	0	3
8	5	16	0	3
8	5	17	0	3
8	5	18	0	3
8	5	19	0	3
8	5	20	0	3
8	5	21	0	3
8	5	22	0	3
8	5	23	0	3
8	5	24	0	3
8	5	25	0	3
8	5	26	0	3
8	5	27	0	3
8	5	28	0	3
8	6	1	0	3
8	6	2	0	3
8	6	3	0	3
8	6	4	0	3
8	6	5	0	3
8	6	6	0	3
8	6	7	0	3
8	6	8	0	3
8	6	9	0	3
8	6	10	0	3
8	6	11	0	3
8	6	12	0	3
8	6	13	0	3
8	6	14	0	3
8	6	15	0	3
8	6	16	0	3
8	6	17	0	3
8	6	18	0	3
8	6	19	0	3
8	6	20	0	3
8	6	21	61	3
8	6	22	208	3
8	6	23	208	3
8	6	24	49	3
8	6	25	0	3
8	6	26	0	3
8	6	27	0	3
8	6	28	0	3
8	7	1	0	3
8	7	2	0	3
8	7	3	0	3
8	7	4	0	3
8	7	5	0	3
8	7	6	0	3
8	7	7	0	3
8	7	8	0	3
8	7	9	0	3
8	7	10	0	3
8	7	11	0	3
8	7	12	0	3
8	7	13	0	3
8	7	14	0	3
8	7	15	0	3
8	7	16	0	3
8	7	17	0	3
8	7	18	0	3
8	7	19	0	3
8	7	20	5	3
8	7	21	183	3
8	7	22	252	3
8	7	23	252	3
8	7	24	157	3
8	7	25	7	3
8	7	26	0	3
8	7	27	0	3
8	7	28	0	3
8	8	1	0	3
8	8	2	0	3
8	8	3	0	3
8	8	4	0	3
8	8	5	0	3
8	8	6	0	3
8	8	7	0	3
8	8	8	0	3
8	8	9	0	3
8	8	10	0	3
8	8	11	0	3
8	8	12	0	3
8	8	13	0	3
8	8	14	0	3
8	8	15	0	3
8	8	16	0	3
8	8	17	0	3
8	8	18	0	3
8	8	19	0	3
8	8	20	75	3
8	8	21	252	3
8	8	22	252	3
8	8	23	252	3
8	8	24	252	3
8	8	25	103	3
8	8	26	0	3
8	8	27	0	3
8	8	28	0	3
8	9	1	0	3
8	9	2	0	3
8	9	3	0	3
8	9	4	0	3
8	9	5	0	3
8	9	6	0	3
8	9	7	0	3
8	9	8	0	3
8	9	9	0	3
8	9	10	0	3
8	9	11	0	3
8	9	12	0	3
8	9	13	0	3
8	9	14	0	3
8	9	15	45	3
8	9	16	45	3
8	9	17	0	3
8	9	18	0	3
8	9	19	0	3
8	9	20	9	3
8	9	21	29	3
8	9	22	147	3
8	9	23	252	3
8	9	24	252	3
8	9	25	235	3
8	9	26	0	3
8	9	27	0	3
8	9	28	0	3
8	10	1	0	3
8	10	2	0	3
8	10	3	0	3
8	10	4	0	3
8	10	5	0	3
8	10	6	0	3
8	10	7	43	3
8	10	8	178	3
8	10	9	109	3
8	10	10	4	3
8	10	11	0	3
8	10	12	0	3
8	10	13	0	3
8	10	14	32	3
8	10	15	222	3
8	10	16	223	3
8	10	17	31	3
8	10	18	0	3
8	10	19	0	3
8	10	20	0	3
8	10	21	0	3
8	10	22	134	3
8	10	23	252	3
8	10	24	252	3
8	10	25	252	3
8	10	26	0	3
8	10	27	0	3
8	10	28	0	3
8	11	1	0	3
8	11	2	0	3
8	11	3	0	3
8	11	4	0	3
8	11	5	0	3
8	11	6	0	3
8	11	7	139	3
8	11	8	252	3
8	11	9	252	3
8	11	10	29	3
8	11	11	0	3
8	11	12	0	3
8	11	13	0	3
8	11	14	125	3
8	11	15	252	3
8	11	16	253	3
8	11	17	123	3
8	11	18	0	3
8	11	19	0	3
8	11	20	0	3
8	11	21	0	3
8	11	22	134	3
8	11	23	252	3
8	11	24	252	3
8	11	25	172	3
8	11	26	0	3
8	11	27	0	3
8	11	28	0	3
8	12	1	0	3
8	12	2	0	3
8	12	3	0	3
8	12	4	0	3
8	12	5	0	3
8	12	6	38	3
8	12	7	224	3
8	12	8	252	3
8	12	9	252	3
8	12	10	29	3
8	12	11	0	3
8	12	12	0	3
8	12	13	0	3
8	12	14	193	3
8	12	15	252	3
8	12	16	253	3
8	12	17	52	3
8	12	18	0	3
8	12	19	0	3
8	12	20	0	3
8	12	21	0	3
8	12	22	134	3
8	12	23	252	3
8	12	24	252	3
8	12	25	103	3
8	12	26	0	3
8	12	27	0	3
8	12	28	0	3
8	13	1	0	3
8	13	2	0	3
8	13	3	0	3
8	13	4	0	3
8	13	5	0	3
8	13	6	43	3
8	13	7	226	3
8	13	8	252	3
8	13	9	230	3
8	13	10	24	3
8	13	11	0	3
8	13	12	0	3
8	13	13	0	3
8	13	14	193	3
8	13	15	252	3
8	13	16	253	3
8	13	17	44	3
8	13	18	0	3
8	13	19	0	3
8	13	20	0	3
8	13	21	0	3
8	13	22	134	3
8	13	23	252	3
8	13	24	217	3
8	13	25	24	3
8	13	26	0	3
8	13	27	0	3
8	13	28	0	3
8	14	1	0	3
8	14	2	0	3
8	14	3	0	3
8	14	4	0	3
8	14	5	0	3
8	14	6	105	3
8	14	7	252	3
8	14	8	252	3
8	14	9	132	3
8	14	10	0	3
8	14	11	0	3
8	14	12	0	3
8	14	13	0	3
8	14	14	193	3
8	14	15	252	3
8	14	16	253	3
8	14	17	44	3
8	14	18	0	3
8	14	19	0	3
8	14	20	0	3
8	14	21	18	3
8	14	22	203	3
8	14	23	252	3
8	14	24	207	3
8	14	25	0	3
8	14	26	0	3
8	14	27	0	3
8	14	28	0	3
8	15	1	0	3
8	15	2	0	3
8	15	3	0	3
8	15	4	0	3
8	15	5	0	3
8	15	6	255	3
8	15	7	253	3
8	15	8	253	3
8	15	9	133	3
8	15	10	0	3
8	15	11	0	3
8	15	12	0	3
8	15	13	91	3
8	15	14	253	3
8	15	15	253	3
8	15	16	255	3
8	15	17	44	3
8	15	18	0	3
8	15	19	0	3
8	15	20	0	3
8	15	21	92	3
8	15	22	253	3
8	15	23	253	3
8	15	24	146	3
8	15	25	0	3
8	15	26	0	3
8	15	27	0	3
8	15	28	0	3
8	16	1	0	3
8	16	2	0	3
8	16	3	0	3
8	16	4	0	3
8	16	5	0	3
8	16	6	253	3
8	16	7	252	3
8	16	8	252	3
8	16	9	132	3
8	16	10	0	3
8	16	11	0	3
8	16	12	0	3
8	16	13	212	3
8	16	14	252	3
8	16	15	252	3
8	16	16	253	3
8	16	17	44	3
8	16	18	0	3
8	16	19	0	3
8	16	20	98	3
8	16	21	239	3
8	16	22	252	3
8	16	23	230	3
8	16	24	45	3
8	16	25	0	3
8	16	26	0	3
8	16	27	0	3
8	16	28	0	3
8	17	1	0	3
8	17	2	0	3
8	17	3	0	3
8	17	4	0	3
8	17	5	0	3
8	17	6	253	3
8	17	7	252	3
8	17	8	252	3
8	17	9	132	3
8	17	10	0	3
8	17	11	0	3
8	17	12	88	3
8	17	13	247	3
8	17	14	252	3
8	17	15	252	3
8	17	16	253	3
8	17	17	143	3
8	17	18	15	3
8	17	19	86	3
8	17	20	242	3
8	17	21	252	3
8	17	22	252	3
8	17	23	153	3
8	17	24	0	3
8	17	25	0	3
8	17	26	0	3
8	17	27	0	3
8	17	28	0	3
8	18	1	0	3
8	18	2	0	3
8	18	3	0	3
8	18	4	0	3
8	18	5	0	3
8	18	6	253	3
8	18	7	252	3
8	18	8	252	3
8	18	9	189	3
8	18	10	14	3
8	18	11	85	3
8	18	12	189	3
8	18	13	252	3
8	18	14	252	3
8	18	15	252	3
8	18	16	253	3
8	18	17	252	3
8	18	18	252	3
8	18	19	252	3
8	18	20	252	3
8	18	21	252	3
8	18	22	188	3
8	18	23	8	3
8	18	24	0	3
8	18	25	0	3
8	18	26	0	3
8	18	27	0	3
8	18	28	0	3
8	19	1	0	3
8	19	2	0	3
8	19	3	0	3
8	19	4	0	3
8	19	5	0	3
8	19	6	253	3
8	19	7	252	3
8	19	8	252	3
8	19	9	252	3
8	19	10	226	3
8	19	11	243	3
8	19	12	252	3
8	19	13	252	3
8	19	14	238	3
8	19	15	177	3
8	19	16	253	3
8	19	17	252	3
8	19	18	252	3
8	19	19	252	3
8	19	20	252	3
8	19	21	243	3
8	19	22	83	3
8	19	23	0	3
8	19	24	0	3
8	19	25	0	3
8	19	26	0	3
8	19	27	0	3
8	19	28	0	3
8	20	1	0	3
8	20	2	0	3
8	20	3	0	3
8	20	4	0	3
8	20	5	0	3
8	20	6	253	3
8	20	7	252	3
8	20	8	252	3
8	20	9	252	3
8	20	10	252	3
8	20	11	252	3
8	20	12	252	3
8	20	13	252	3
8	20	14	102	3
8	20	15	0	3
8	20	16	74	3
8	20	17	74	3
8	20	18	74	3
8	20	19	74	3
8	20	20	74	3
8	20	21	65	3
8	20	22	0	3
8	20	23	0	3
8	20	24	0	3
8	20	25	0	3
8	20	26	0	3
8	20	27	0	3
8	20	28	0	3
8	21	1	0	3
8	21	2	0	3
8	21	3	0	3
8	21	4	0	3
8	21	5	0	3
8	21	6	174	3
8	21	7	252	3
8	21	8	252	3
8	21	9	252	3
8	21	10	252	3
8	21	11	252	3
8	21	12	252	3
8	21	13	204	3
8	21	14	28	3
8	21	15	0	3
8	21	16	0	3
8	21	17	0	3
8	21	18	0	3
8	21	19	0	3
8	21	20	0	3
8	21	21	0	3
8	21	22	0	3
8	21	23	0	3
8	21	24	0	3
8	21	25	0	3
8	21	26	0	3
8	21	27	0	3
8	21	28	0	3
8	22	1	0	3
8	22	2	0	3
8	22	3	0	3
8	22	4	0	3
8	22	5	0	3
8	22	6	6	3
8	22	7	158	3
8	22	8	252	3
8	22	9	252	3
8	22	10	172	3
8	22	11	144	3
8	22	12	14	3
8	22	13	9	3
8	22	14	0	3
8	22	15	0	3
8	22	16	0	3
8	22	17	0	3
8	22	18	0	3
8	22	19	0	3
8	22	20	0	3
8	22	21	0	3
8	22	22	0	3
8	22	23	0	3
8	22	24	0	3
8	22	25	0	3
8	22	26	0	3
8	22	27	0	3
8	22	28	0	3
8	23	1	0	3
8	23	2	0	3
8	23	3	0	3
8	23	4	0	3
8	23	5	0	3
8	23	6	0	3
8	23	7	14	3
8	23	8	59	3
8	23	9	59	3
8	23	10	7	3
8	23	11	0	3
8	23	12	0	3
8	23	13	0	3
8	23	14	0	3
8	23	15	0	3
8	23	16	0	3
8	23	17	0	3
8	23	18	0	3
8	23	19	0	3
8	23	20	0	3
8	23	21	0	3
8	23	22	0	3
8	23	23	0	3
8	23	24	0	3
8	23	25	0	3
8	23	26	0	3
8	23	27	0	3
8	23	28	0	3
8	24	1	0	3
8	24	2	0	3
8	24	3	0	3
8	24	4	0	3
8	24	5	0	3
8	24	6	0	3
8	24	7	0	3
8	24	8	0	3
8	24	9	0	3
8	24	10	0	3
8	24	11	0	3
8	24	12	0	3
8	24	13	0	3
8	24	14	0	3
8	24	15	0	3
8	24	16	0	3
8	24	17	0	3
8	24	18	0	3
8	24	19	0	3
8	24	20	0	3
8	24	21	0	3
8	24	22	0	3
8	24	23	0	3
8	24	24	0	3
8	24	25	0	3
8	24	26	0	3
8	24	27	0	3
8	24	28	0	3
8	25	1	0	3
8	25	2	0	3
8	25	3	0	3
8	25	4	0	3
8	25	5	0	3
8	25	6	0	3
8	25	7	0	3
8	25	8	0	3
8	25	9	0	3
8	25	10	0	3
8	25	11	0	3
8	25	12	0	3
8	25	13	0	3
8	25	14	0	3
8	25	15	0	3
8	25	16	0	3
8	25	17	0	3
8	25	18	0	3
8	25	19	0	3
8	25	20	0	3
8	25	21	0	3
8	25	22	0	3
8	25	23	0	3
8	25	24	0	3
8	25	25	0	3
8	25	26	0	3
8	25	27	0	3
8	25	28	0	3
8	26	1	0	3
8	26	2	0	3
8	26	3	0	3
8	26	4	0	3
8	26	5	0	3
8	26	6	0	3
8	26	7	0	3
8	26	8	0	3
8	26	9	0	3
8	26	10	0	3
8	26	11	0	3
8	26	12	0	3
8	26	13	0	3
8	26	14	0	3
8	26	15	0	3
8	26	16	0	3
8	26	17	0	3
8	26	18	0	3
8	26	19	0	3
8	26	20	0	3
8	26	21	0	3
8	26	22	0	3
8	26	23	0	3
8	26	24	0	3
8	26	25	0	3
8	26	26	0	3
8	26	27	0	3
8	26	28	0	3
8	27	1	0	3
8	27	2	0	3
8	27	3	0	3
8	27	4	0	3
8	27	5	0	3
8	27	6	0	3
8	27	7	0	3
8	27	8	0	3
8	27	9	0	3
8	27	10	0	3
8	27	11	0	3
8	27	12	0	3
8	27	13	0	3
8	27	14	0	3
8	27	15	0	3
8	27	16	0	3
8	27	17	0	3
8	27	18	0	3
8	27	19	0	3
8	27	20	0	3
8	27	21	0	3
8	27	22	0	3
8	27	23	0	3
8	27	24	0	3
8	27	25	0	3
8	27	26	0	3
8	27	27	0	3
8	27	28	0	3
8	28	1	0	3
8	28	2	0	3
8	28	3	0	3
8	28	4	0	3
8	28	5	0	3
8	28	6	0	3
8	28	7	0	3
8	28	8	0	3
8	28	9	0	3
8	28	10	0	3
8	28	11	0	3
8	28	12	0	3
8	28	13	0	3
8	28	14	0	3
8	28	15	0	3
8	28	16	0	3
8	28	17	0	3
8	28	18	0	3
8	28	19	0	3
8	28	20	0	3
8	28	21	0	3
8	28	22	0	3
8	28	23	0	3
8	28	24	0	3
8	28	25	0	3
8	28	26	0	3
8	28	27	0	3
8	28	28	0	3
14	1	1	0	6
14	1	2	0	6
14	1	3	0	6
14	1	4	0	6
14	1	5	0	6
14	1	6	0	6
14	1	7	0	6
14	1	8	0	6
14	1	9	0	6
14	1	10	0	6
14	1	11	0	6
14	1	12	0	6
14	1	13	0	6
14	1	14	0	6
14	1	15	0	6
14	1	16	0	6
14	1	17	0	6
14	1	18	0	6
14	1	19	0	6
14	1	20	0	6
14	1	21	0	6
14	1	22	0	6
14	1	23	0	6
14	1	24	0	6
14	1	25	0	6
14	1	26	0	6
14	1	27	0	6
14	1	28	0	6
14	2	1	0	6
14	2	2	0	6
14	2	3	0	6
14	2	4	0	6
14	2	5	0	6
14	2	6	0	6
14	2	7	0	6
14	2	8	0	6
14	2	9	0	6
14	2	10	0	6
14	2	11	0	6
14	2	12	0	6
14	2	13	0	6
14	2	14	0	6
14	2	15	0	6
14	2	16	0	6
14	2	17	0	6
14	2	18	0	6
14	2	19	0	6
14	2	20	0	6
14	2	21	0	6
14	2	22	0	6
14	2	23	0	6
14	2	24	0	6
14	2	25	0	6
14	2	26	0	6
14	2	27	0	6
14	2	28	0	6
14	3	1	0	6
14	3	2	0	6
14	3	3	0	6
14	3	4	0	6
14	3	5	0	6
14	3	6	0	6
14	3	7	0	6
14	3	8	0	6
14	3	9	0	6
14	3	10	0	6
14	3	11	0	6
14	3	12	0	6
14	3	13	0	6
14	3	14	0	6
14	3	15	0	6
14	3	16	0	6
14	3	17	0	6
14	3	18	0	6
14	3	19	0	6
14	3	20	0	6
14	3	21	0	6
14	3	22	0	6
14	3	23	0	6
14	3	24	0	6
14	3	25	0	6
14	3	26	0	6
14	3	27	0	6
14	3	28	0	6
14	4	1	0	6
14	4	2	0	6
14	4	3	0	6
14	4	4	0	6
14	4	5	0	6
14	4	6	0	6
14	4	7	0	6
14	4	8	0	6
14	4	9	0	6
14	4	10	0	6
14	4	11	0	6
14	4	12	0	6
14	4	13	0	6
14	4	14	0	6
14	4	15	0	6
14	4	16	0	6
14	4	17	0	6
14	4	18	0	6
14	4	19	0	6
14	4	20	0	6
14	4	21	0	6
14	4	22	0	6
14	4	23	0	6
14	4	24	0	6
14	4	25	0	6
14	4	26	0	6
14	4	27	0	6
14	4	28	0	6
14	5	1	0	6
14	5	2	0	6
14	5	3	0	6
14	5	4	0	6
14	5	5	0	6
14	5	6	0	6
14	5	7	0	6
14	5	8	0	6
14	5	9	0	6
14	5	10	0	6
14	5	11	0	6
14	5	12	0	6
14	5	13	0	6
14	5	14	0	6
14	5	15	0	6
14	5	16	0	6
14	5	17	0	6
14	5	18	0	6
14	5	19	0	6
14	5	20	0	6
14	5	21	0	6
14	5	22	0	6
14	5	23	0	6
14	5	24	0	6
14	5	25	0	6
14	5	26	0	6
14	5	27	0	6
14	5	28	0	6
14	6	1	0	6
14	6	2	0	6
14	6	3	0	6
14	6	4	0	6
14	6	5	0	6
14	6	6	0	6
14	6	7	0	6
14	6	8	0	6
14	6	9	0	6
14	6	10	0	6
14	6	11	0	6
14	6	12	0	6
14	6	13	0	6
14	6	14	0	6
14	6	15	0	6
14	6	16	0	6
14	6	17	0	6
14	6	18	0	6
14	6	19	0	6
14	6	20	0	6
14	6	21	0	6
14	6	22	0	6
14	6	23	0	6
14	6	24	0	6
14	6	25	0	6
14	6	26	0	6
14	6	27	0	6
14	6	28	0	6
14	7	1	0	6
14	7	2	0	6
14	7	3	0	6
14	7	4	0	6
14	7	5	0	6
14	7	6	0	6
14	7	7	0	6
14	7	8	0	6
14	7	9	0	6
14	7	10	0	6
14	7	11	0	6
14	7	12	0	6
14	7	13	0	6
14	7	14	0	6
14	7	15	0	6
14	7	16	0	6
14	7	17	0	6
14	7	18	0	6
14	7	19	0	6
14	7	20	0	6
14	7	21	0	6
14	7	22	0	6
14	7	23	0	6
14	7	24	0	6
14	7	25	0	6
14	7	26	0	6
14	7	27	0	6
14	7	28	0	6
14	8	1	0	6
14	8	2	0	6
14	8	3	0	6
14	8	4	0	6
14	8	5	0	6
14	8	6	0	6
14	8	7	0	6
14	8	8	0	6
14	8	9	0	6
14	8	10	0	6
14	8	11	0	6
14	8	12	0	6
14	8	13	0	6
14	8	14	0	6
14	8	15	13	6
14	8	16	73	6
14	8	17	119	6
14	8	18	135	6
14	8	19	135	6
14	8	20	57	6
14	8	21	51	6
14	8	22	0	6
14	8	23	0	6
14	8	24	0	6
14	8	25	0	6
14	8	26	0	6
14	8	27	0	6
14	8	28	0	6
14	9	1	0	6
14	9	2	0	6
14	9	3	0	6
14	9	4	0	6
14	9	5	0	6
14	9	6	0	6
14	9	7	0	6
14	9	8	0	6
14	9	9	0	6
14	9	10	0	6
14	9	11	0	6
14	9	12	16	6
14	9	13	13	6
14	9	14	76	6
14	9	15	109	6
14	9	16	252	6
14	9	17	252	6
14	9	18	253	6
14	9	19	252	6
14	9	20	252	6
14	9	21	242	6
14	9	22	75	6
14	9	23	0	6
14	9	24	0	6
14	9	25	0	6
14	9	26	0	6
14	9	27	0	6
14	9	28	0	6
14	10	1	0	6
14	10	2	0	6
14	10	3	0	6
14	10	4	0	6
14	10	5	0	6
14	10	6	0	6
14	10	7	0	6
14	10	8	0	6
14	10	9	0	6
14	10	10	0	6
14	10	11	79	6
14	10	12	140	6
14	10	13	191	6
14	10	14	252	6
14	10	15	252	6
14	10	16	252	6
14	10	17	252	6
14	10	18	174	6
14	10	19	173	6
14	10	20	252	6
14	10	21	252	6
14	10	22	189	6
14	10	23	0	6
14	10	24	0	6
14	10	25	0	6
14	10	26	0	6
14	10	27	0	6
14	10	28	0	6
14	11	1	0	6
14	11	2	0	6
14	11	3	0	6
14	11	4	0	6
14	11	5	0	6
14	11	6	0	6
14	11	7	0	6
14	11	8	0	6
14	11	9	0	6
14	11	10	198	6
14	11	11	253	6
14	11	12	253	6
14	11	13	255	6
14	11	14	253	6
14	11	15	228	6
14	11	16	126	6
14	11	17	0	6
14	11	18	0	6
14	11	19	0	6
14	11	20	57	6
14	11	21	253	6
14	11	22	253	6
14	11	23	0	6
14	11	24	0	6
14	11	25	0	6
14	11	26	0	6
14	11	27	0	6
14	11	28	0	6
14	12	1	0	6
14	12	2	0	6
14	12	3	0	6
14	12	4	0	6
14	12	5	0	6
14	12	6	0	6
14	12	7	0	6
14	12	8	38	6
14	12	9	131	6
14	12	10	246	6
14	12	11	252	6
14	12	12	252	6
14	12	13	253	6
14	12	14	223	6
14	12	15	130	6
14	12	16	0	6
14	12	17	0	6
14	12	18	48	6
14	12	19	48	6
14	12	20	104	6
14	12	21	252	6
14	12	22	252	6
14	12	23	0	6
14	12	24	0	6
14	12	25	0	6
14	12	26	0	6
14	12	27	0	6
14	12	28	0	6
14	13	1	0	6
14	13	2	0	6
14	13	3	0	6
14	13	4	0	6
14	13	5	0	6
14	13	6	38	6
14	13	7	57	6
14	13	8	222	6
14	13	9	252	6
14	13	10	220	6
14	13	11	135	6
14	13	12	118	6
14	13	13	56	6
14	13	14	37	6
14	13	15	0	6
14	13	16	23	6
14	13	17	197	6
14	13	18	229	6
14	13	19	227	6
14	13	20	240	6
14	13	21	252	6
14	13	22	252	6
14	13	23	0	6
14	13	24	0	6
14	13	25	0	6
14	13	26	0	6
14	13	27	0	6
14	13	28	0	6
14	14	1	0	6
14	14	2	0	6
14	14	3	0	6
14	14	4	0	6
14	14	5	23	6
14	14	6	178	6
14	14	7	252	6
14	14	8	253	6
14	14	9	179	6
14	14	10	37	6
14	14	11	28	6
14	14	12	0	6
14	14	13	0	6
14	14	14	0	6
14	14	15	38	6
14	14	16	178	6
14	14	17	252	6
14	14	18	253	6
14	14	19	252	6
14	14	20	252	6
14	14	21	252	6
14	14	22	157	6
14	14	23	0	6
14	14	24	0	6
14	14	25	0	6
14	14	26	0	6
14	14	27	0	6
14	14	28	0	6
14	15	1	0	6
14	15	2	0	6
14	15	3	0	6
14	15	4	0	6
14	15	5	197	6
14	15	6	252	6
14	15	7	252	6
14	15	8	253	6
14	15	9	27	6
14	15	10	0	6
14	15	11	0	6
14	15	12	0	6
14	15	13	0	6
14	15	14	48	6
14	15	15	165	6
14	15	16	252	6
14	15	17	252	6
14	15	18	112	6
14	15	19	158	6
14	15	20	252	6
14	15	21	252	6
14	15	22	112	6
14	15	23	0	6
14	15	24	0	6
14	15	25	0	6
14	15	26	0	6
14	15	27	0	6
14	15	28	0	6
14	16	1	0	6
14	16	2	0	6
14	16	3	0	6
14	16	4	147	6
14	16	5	253	6
14	16	6	253	6
14	16	7	253	6
14	16	8	79	6
14	16	9	0	6
14	16	10	0	6
14	16	11	0	6
14	16	12	0	6
14	16	13	114	6
14	16	14	174	6
14	16	15	253	6
14	16	16	240	6
14	16	17	63	6
14	16	18	0	6
14	16	19	226	6
14	16	20	253	6
14	16	21	240	6
14	16	22	63	6
14	16	23	0	6
14	16	24	0	6
14	16	25	0	6
14	16	26	0	6
14	16	27	0	6
14	16	28	0	6
14	17	1	0	6
14	17	2	0	6
14	17	3	38	6
14	17	4	234	6
14	17	5	252	6
14	17	6	117	6
14	17	7	89	6
14	17	8	0	6
14	17	9	0	6
14	17	10	0	6
14	17	11	0	6
14	17	12	0	6
14	17	13	113	6
14	17	14	252	6
14	17	15	233	6
14	17	16	148	6
14	17	17	0	6
14	17	18	38	6
14	17	19	234	6
14	17	20	233	6
14	17	21	148	6
14	17	22	0	6
14	17	23	0	6
14	17	24	0	6
14	17	25	0	6
14	17	26	0	6
14	17	27	0	6
14	17	28	0	6
14	18	1	0	6
14	18	2	0	6
14	18	3	222	6
14	18	4	252	6
14	18	5	208	6
14	18	6	65	6
14	18	7	0	6
14	18	8	0	6
14	18	9	0	6
14	18	10	0	6
14	18	11	0	6
14	18	12	111	6
14	18	13	222	6
14	18	14	252	6
14	18	15	164	6
14	18	16	7	6
14	18	17	57	6
14	18	18	222	6
14	18	19	201	6
14	18	20	74	6
14	18	21	0	6
14	18	22	0	6
14	18	23	0	6
14	18	24	0	6
14	18	25	0	6
14	18	26	0	6
14	18	27	0	6
14	18	28	0	6
14	19	1	0	6
14	19	2	0	6
14	19	3	225	6
14	19	4	176	6
14	19	5	19	6
14	19	6	0	6
14	19	7	0	6
14	19	8	0	6
14	19	9	0	6
14	19	10	0	6
14	19	11	0	6
14	19	12	140	6
14	19	13	253	6
14	19	14	242	6
14	19	15	49	6
14	19	16	44	6
14	19	17	252	6
14	19	18	253	6
14	19	19	27	6
14	19	20	0	6
14	19	21	0	6
14	19	22	0	6
14	19	23	0	6
14	19	24	0	6
14	19	25	0	6
14	19	26	0	6
14	19	27	0	6
14	19	28	0	6
14	20	1	0	6
14	20	2	0	6
14	20	3	0	6
14	20	4	0	6
14	20	5	0	6
14	20	6	0	6
14	20	7	0	6
14	20	8	0	6
14	20	9	0	6
14	20	10	0	6
14	20	11	0	6
14	20	12	140	6
14	20	13	253	6
14	20	14	214	6
14	20	15	63	6
14	20	16	215	6
14	20	17	252	6
14	20	18	112	6
14	20	19	12	6
14	20	20	0	6
14	20	21	0	6
14	20	22	0	6
14	20	23	0	6
14	20	24	0	6
14	20	25	0	6
14	20	26	0	6
14	20	27	0	6
14	20	28	0	6
14	21	1	0	6
14	21	2	0	6
14	21	3	0	6
14	21	4	0	6
14	21	5	0	6
14	21	6	0	6
14	21	7	0	6
14	21	8	0	6
14	21	9	0	6
14	21	10	0	6
14	21	11	0	6
14	21	12	0	6
14	21	13	255	6
14	21	14	253	6
14	21	15	253	6
14	21	16	240	6
14	21	17	140	6
14	21	18	0	6
14	21	19	0	6
14	21	20	0	6
14	21	21	0	6
14	21	22	0	6
14	21	23	0	6
14	21	24	0	6
14	21	25	0	6
14	21	26	0	6
14	21	27	0	6
14	21	28	0	6
14	22	1	0	6
14	22	2	0	6
14	22	3	0	6
14	22	4	0	6
14	22	5	0	6
14	22	6	0	6
14	22	7	0	6
14	22	8	0	6
14	22	9	0	6
14	22	10	0	6
14	22	11	0	6
14	22	12	0	6
14	22	13	27	6
14	22	14	199	6
14	22	15	214	6
14	22	16	148	6
14	22	17	0	6
14	22	18	0	6
14	22	19	0	6
14	22	20	0	6
14	22	21	0	6
14	22	22	0	6
14	22	23	0	6
14	22	24	0	6
14	22	25	0	6
14	22	26	0	6
14	22	27	0	6
14	22	28	0	6
14	23	1	0	6
14	23	2	0	6
14	23	3	0	6
14	23	4	0	6
14	23	5	0	6
14	23	6	0	6
14	23	7	0	6
14	23	8	0	6
14	23	9	0	6
14	23	10	0	6
14	23	11	0	6
14	23	12	0	6
14	23	13	0	6
14	23	14	31	6
14	23	15	31	6
14	23	16	0	6
14	23	17	0	6
14	23	18	0	6
14	23	19	0	6
14	23	20	0	6
14	23	21	0	6
14	23	22	0	6
14	23	23	0	6
14	23	24	0	6
14	23	25	0	6
14	23	26	0	6
14	23	27	0	6
14	23	28	0	6
14	24	1	0	6
14	24	2	0	6
14	24	3	0	6
14	24	4	0	6
14	24	5	0	6
14	24	6	0	6
14	24	7	0	6
14	24	8	0	6
14	24	9	0	6
14	24	10	0	6
14	24	11	0	6
14	24	12	0	6
14	24	13	0	6
14	24	14	0	6
14	24	15	0	6
14	24	16	0	6
14	24	17	0	6
14	24	18	0	6
14	24	19	0	6
14	24	20	0	6
14	24	21	0	6
14	24	22	0	6
14	24	23	0	6
14	24	24	0	6
14	24	25	0	6
14	24	26	0	6
14	24	27	0	6
14	24	28	0	6
14	25	1	0	6
14	25	2	0	6
14	25	3	0	6
14	25	4	0	6
14	25	5	0	6
14	25	6	0	6
14	25	7	0	6
14	25	8	0	6
14	25	9	0	6
14	25	10	0	6
14	25	11	0	6
14	25	12	0	6
14	25	13	0	6
14	25	14	0	6
14	25	15	0	6
14	25	16	0	6
14	25	17	0	6
14	25	18	0	6
14	25	19	0	6
14	25	20	0	6
14	25	21	0	6
14	25	22	0	6
14	25	23	0	6
14	25	24	0	6
14	25	25	0	6
14	25	26	0	6
14	25	27	0	6
14	25	28	0	6
14	26	1	0	6
14	26	2	0	6
14	26	3	0	6
14	26	4	0	6
14	26	5	0	6
14	26	6	0	6
14	26	7	0	6
14	26	8	0	6
14	26	9	0	6
14	26	10	0	6
14	26	11	0	6
14	26	12	0	6
14	26	13	0	6
14	26	14	0	6
14	26	15	0	6
14	26	16	0	6
14	26	17	0	6
14	26	18	0	6
14	26	19	0	6
14	26	20	0	6
14	26	21	0	6
14	26	22	0	6
14	26	23	0	6
14	26	24	0	6
14	26	25	0	6
14	26	26	0	6
14	26	27	0	6
14	26	28	0	6
14	27	1	0	6
14	27	2	0	6
14	27	3	0	6
14	27	4	0	6
14	27	5	0	6
14	27	6	0	6
14	27	7	0	6
14	27	8	0	6
14	27	9	0	6
14	27	10	0	6
14	27	11	0	6
14	27	12	0	6
14	27	13	0	6
14	27	14	0	6
14	27	15	0	6
14	27	16	0	6
14	27	17	0	6
14	27	18	0	6
14	27	19	0	6
14	27	20	0	6
14	27	21	0	6
14	27	22	0	6
14	27	23	0	6
14	27	24	0	6
14	27	25	0	6
14	27	26	0	6
14	27	27	0	6
14	27	28	0	6
14	28	1	0	6
14	28	2	0	6
14	28	3	0	6
14	28	4	0	6
14	28	5	0	6
14	28	6	0	6
14	28	7	0	6
14	28	8	0	6
14	28	9	0	6
14	28	10	0	6
14	28	11	0	6
14	28	12	0	6
14	28	13	0	6
14	28	14	0	6
14	28	15	0	6
14	28	16	0	6
14	28	17	0	6
14	28	18	0	6
14	28	19	0	6
14	28	20	0	6
14	28	21	0	6
14	28	22	0	6
14	28	23	0	6
14	28	24	0	6
14	28	25	0	6
14	28	26	0	6
14	28	27	0	6
14	28	28	0	6
16	1	1	0	7
16	1	2	0	7
16	1	3	0	7
16	1	4	0	7
16	1	5	0	7
16	1	6	0	7
16	1	7	0	7
16	1	8	0	7
16	1	9	0	7
16	1	10	0	7
16	1	11	0	7
16	1	12	0	7
16	1	13	0	7
16	1	14	0	7
16	1	15	0	7
16	1	16	0	7
16	1	17	0	7
16	1	18	0	7
16	1	19	0	7
16	1	20	0	7
16	1	21	0	7
16	1	22	0	7
16	1	23	0	7
16	1	24	0	7
16	1	25	0	7
16	1	26	0	7
16	1	27	0	7
16	1	28	0	7
16	2	1	0	7
16	2	2	0	7
16	2	3	0	7
16	2	4	0	7
16	2	5	0	7
16	2	6	0	7
16	2	7	0	7
16	2	8	0	7
16	2	9	0	7
16	2	10	0	7
16	2	11	0	7
16	2	12	0	7
16	2	13	0	7
16	2	14	0	7
16	2	15	0	7
16	2	16	0	7
16	2	17	0	7
16	2	18	0	7
16	2	19	0	7
16	2	20	0	7
16	2	21	0	7
16	2	22	0	7
16	2	23	0	7
16	2	24	0	7
16	2	25	0	7
16	2	26	0	7
16	2	27	0	7
16	2	28	0	7
16	3	1	0	7
16	3	2	0	7
16	3	3	0	7
16	3	4	0	7
16	3	5	0	7
16	3	6	0	7
16	3	7	0	7
16	3	8	0	7
16	3	9	0	7
16	3	10	0	7
16	3	11	0	7
16	3	12	0	7
16	3	13	0	7
16	3	14	0	7
16	3	15	0	7
16	3	16	0	7
16	3	17	0	7
16	3	18	0	7
16	3	19	0	7
16	3	20	0	7
16	3	21	0	7
16	3	22	0	7
16	3	23	0	7
16	3	24	0	7
16	3	25	0	7
16	3	26	0	7
16	3	27	0	7
16	3	28	0	7
16	4	1	0	7
16	4	2	0	7
16	4	3	0	7
16	4	4	0	7
16	4	5	0	7
16	4	6	0	7
16	4	7	0	7
16	4	8	0	7
16	4	9	0	7
16	4	10	0	7
16	4	11	0	7
16	4	12	0	7
16	4	13	0	7
16	4	14	0	7
16	4	15	0	7
16	4	16	0	7
16	4	17	0	7
16	4	18	0	7
16	4	19	0	7
16	4	20	0	7
16	4	21	0	7
16	4	22	0	7
16	4	23	0	7
16	4	24	0	7
16	4	25	0	7
16	4	26	0	7
16	4	27	0	7
16	4	28	0	7
16	5	1	0	7
16	5	2	0	7
16	5	3	0	7
16	5	4	0	7
16	5	5	0	7
16	5	6	0	7
16	5	7	0	7
16	5	8	0	7
16	5	9	0	7
16	5	10	0	7
16	5	11	0	7
16	5	12	0	7
16	5	13	0	7
16	5	14	0	7
16	5	15	0	7
16	5	16	0	7
16	5	17	0	7
16	5	18	0	7
16	5	19	0	7
16	5	20	0	7
16	5	21	0	7
16	5	22	0	7
16	5	23	0	7
16	5	24	0	7
16	5	25	0	7
16	5	26	0	7
16	5	27	0	7
16	5	28	0	7
16	6	1	0	7
16	6	2	0	7
16	6	3	0	7
16	6	4	0	7
16	6	5	0	7
16	6	6	0	7
16	6	7	0	7
16	6	8	0	7
16	6	9	0	7
16	6	10	0	7
16	6	11	0	7
16	6	12	0	7
16	6	13	0	7
16	6	14	0	7
16	6	15	0	7
16	6	16	0	7
16	6	17	0	7
16	6	18	0	7
16	6	19	0	7
16	6	20	0	7
16	6	21	0	7
16	6	22	0	7
16	6	23	0	7
16	6	24	0	7
16	6	25	0	7
16	6	26	0	7
16	6	27	0	7
16	6	28	0	7
16	7	1	0	7
16	7	2	0	7
16	7	3	0	7
16	7	4	0	7
16	7	5	0	7
16	7	6	0	7
16	7	7	0	7
16	7	8	0	7
16	7	9	0	7
16	7	10	0	7
16	7	11	0	7
16	7	12	0	7
16	7	13	70	7
16	7	14	185	7
16	7	15	83	7
16	7	16	0	7
16	7	17	0	7
16	7	18	0	7
16	7	19	0	7
16	7	20	0	7
16	7	21	0	7
16	7	22	0	7
16	7	23	0	7
16	7	24	0	7
16	7	25	0	7
16	7	26	0	7
16	7	27	0	7
16	7	28	0	7
16	8	1	0	7
16	8	2	0	7
16	8	3	0	7
16	8	4	0	7
16	8	5	0	7
16	8	6	0	7
16	8	7	0	7
16	8	8	0	7
16	8	9	0	7
16	8	10	0	7
16	8	11	68	7
16	8	12	186	7
16	8	13	242	7
16	8	14	252	7
16	8	15	205	7
16	8	16	0	7
16	8	17	0	7
16	8	18	0	7
16	8	19	0	7
16	8	20	0	7
16	8	21	0	7
16	8	22	0	7
16	8	23	0	7
16	8	24	0	7
16	8	25	0	7
16	8	26	0	7
16	8	27	0	7
16	8	28	0	7
16	9	1	0	7
16	9	2	0	7
16	9	3	0	7
16	9	4	0	7
16	9	5	0	7
16	9	6	0	7
16	9	7	0	7
16	9	8	0	7
16	9	9	0	7
16	9	10	25	7
16	9	11	223	7
16	9	12	252	7
16	9	13	252	7
16	9	14	252	7
16	9	15	190	7
16	9	16	0	7
16	9	17	0	7
16	9	18	0	7
16	9	19	0	7
16	9	20	0	7
16	9	21	0	7
16	9	22	0	7
16	9	23	0	7
16	9	24	0	7
16	9	25	43	7
16	9	26	137	7
16	9	27	67	7
16	9	28	0	7
16	10	1	0	7
16	10	2	0	7
16	10	3	0	7
16	10	4	0	7
16	10	5	0	7
16	10	6	0	7
16	10	7	0	7
16	10	8	0	7
16	10	9	0	7
16	10	10	192	7
16	10	11	252	7
16	10	12	252	7
16	10	13	252	7
16	10	14	194	7
16	10	15	24	7
16	10	16	0	7
16	10	17	0	7
16	10	18	0	7
16	10	19	0	7
16	10	20	0	7
16	10	21	0	7
16	10	22	0	7
16	10	23	40	7
16	10	24	165	7
16	10	25	179	7
16	10	26	252	7
16	10	27	252	7
16	10	28	0	7
16	11	1	0	7
16	11	2	0	7
16	11	3	0	7
16	11	4	0	7
16	11	5	0	7
16	11	6	0	7
16	11	7	0	7
16	11	8	0	7
16	11	9	0	7
16	11	10	226	7
16	11	11	252	7
16	11	12	252	7
16	11	13	222	7
16	11	14	67	7
16	11	15	0	7
16	11	16	0	7
16	11	17	0	7
16	11	18	0	7
16	11	19	0	7
16	11	20	0	7
16	11	21	13	7
16	11	22	41	7
16	11	23	155	7
16	11	24	252	7
16	11	25	252	7
16	11	26	221	7
16	11	27	79	7
16	11	28	0	7
16	12	1	0	7
16	12	2	0	7
16	12	3	0	7
16	12	4	0	7
16	12	5	0	7
16	12	6	0	7
16	12	7	0	7
16	12	8	0	7
16	12	9	0	7
16	12	10	226	7
16	12	11	252	7
16	12	12	245	7
16	12	13	59	7
16	12	14	0	7
16	12	15	0	7
16	12	16	0	7
16	12	17	0	7
16	12	18	0	7
16	12	19	0	7
16	12	20	10	7
16	12	21	168	7
16	12	22	252	7
16	12	23	252	7
16	12	24	252	7
16	12	25	150	7
16	12	26	39	7
16	12	27	0	7
16	12	28	0	7
16	13	1	0	7
16	13	2	0	7
16	13	3	0	7
16	13	4	0	7
16	13	5	0	7
16	13	6	0	7
16	13	7	0	7
16	13	8	0	7
16	13	9	63	7
16	13	10	241	7
16	13	11	252	7
16	13	12	108	7
16	13	13	0	7
16	13	14	0	7
16	13	15	0	7
16	13	16	0	7
16	13	17	0	7
16	13	18	0	7
16	13	19	6	7
16	13	20	102	7
16	13	21	252	7
16	13	22	252	7
16	13	23	214	7
16	13	24	106	7
16	13	25	39	7
16	13	26	0	7
16	13	27	0	7
16	13	28	0	7
16	14	1	0	7
16	14	2	0	7
16	14	3	0	7
16	14	4	0	7
16	14	5	0	7
16	14	6	0	7
16	14	7	0	7
16	14	8	0	7
16	14	9	107	7
16	14	10	252	7
16	14	11	252	7
16	14	12	53	7
16	14	13	0	7
16	14	14	0	7
16	14	15	0	7
16	14	16	0	7
16	14	17	0	7
16	14	18	134	7
16	14	19	183	7
16	14	20	252	7
16	14	21	252	7
16	14	22	217	7
16	14	23	31	7
16	14	24	0	7
16	14	25	0	7
16	14	26	0	7
16	14	27	0	7
16	14	28	0	7
16	15	1	0	7
16	15	2	0	7
16	15	3	0	7
16	15	4	0	7
16	15	5	0	7
16	15	6	0	7
16	15	7	0	7
16	15	8	0	7
16	15	9	170	7
16	15	10	253	7
16	15	11	39	7
16	15	12	0	7
16	15	13	0	7
16	15	14	0	7
16	15	15	0	7
16	15	16	77	7
16	15	17	253	7
16	15	18	255	7
16	15	19	253	7
16	15	20	253	7
16	15	21	110	7
16	15	22	0	7
16	15	23	0	7
16	15	24	0	7
16	15	25	0	7
16	15	26	0	7
16	15	27	0	7
16	15	28	0	7
16	16	1	0	7
16	16	2	0	7
16	16	3	0	7
16	16	4	0	7
16	16	5	0	7
16	16	6	0	7
16	16	7	0	7
16	16	8	115	7
16	16	9	251	7
16	16	10	202	7
16	16	11	19	7
16	16	12	0	7
16	16	13	0	7
16	16	14	17	7
16	16	15	121	7
16	16	16	247	7
16	16	17	252	7
16	16	18	253	7
16	16	19	252	7
16	16	20	163	7
16	16	21	2	7
16	16	22	0	7
16	16	23	0	7
16	16	24	0	7
16	16	25	0	7
16	16	26	0	7
16	16	27	0	7
16	16	28	0	7
16	17	1	0	7
16	17	2	0	7
16	17	3	0	7
16	17	4	0	7
16	17	5	0	7
16	17	6	0	7
16	17	7	0	7
16	17	8	121	7
16	17	9	252	7
16	17	10	252	7
16	17	11	39	7
16	17	12	0	7
16	17	13	0	7
16	17	14	90	7
16	17	15	252	7
16	17	16	252	7
16	17	17	252	7
16	17	18	253	7
16	17	19	107	7
16	17	20	16	7
16	17	21	0	7
16	17	22	0	7
16	17	23	0	7
16	17	24	0	7
16	17	25	0	7
16	17	26	0	7
16	17	27	0	7
16	17	28	0	7
16	18	1	0	7
16	18	2	0	7
16	18	3	0	7
16	18	4	0	7
16	18	5	0	7
16	18	6	0	7
16	18	7	0	7
16	18	8	162	7
16	18	9	252	7
16	18	10	252	7
16	18	11	65	7
16	18	12	150	7
16	18	13	178	7
16	18	14	240	7
16	18	15	252	7
16	18	16	248	7
16	18	17	102	7
16	18	18	39	7
16	18	19	2	7
16	18	20	0	7
16	18	21	0	7
16	18	22	0	7
16	18	23	0	7
16	18	24	0	7
16	18	25	0	7
16	18	26	0	7
16	18	27	0	7
16	18	28	0	7
16	19	1	0	7
16	19	2	0	7
16	19	3	0	7
16	19	4	0	7
16	19	5	0	7
16	19	6	0	7
16	19	7	0	7
16	19	8	253	7
16	19	9	252	7
16	19	10	252	7
16	19	11	224	7
16	19	12	252	7
16	19	13	252	7
16	19	14	252	7
16	19	15	209	7
16	19	16	106	7
16	19	17	0	7
16	19	18	0	7
16	19	19	0	7
16	19	20	0	7
16	19	21	0	7
16	19	22	0	7
16	19	23	0	7
16	19	24	0	7
16	19	25	0	7
16	19	26	0	7
16	19	27	0	7
16	19	28	0	7
16	20	1	0	7
16	20	2	0	7
16	20	3	0	7
16	20	4	0	7
16	20	5	0	7
16	20	6	0	7
16	20	7	0	7
16	20	8	253	7
16	20	9	252	7
16	20	10	252	7
16	20	11	252	7
16	20	12	252	7
16	20	13	252	7
16	20	14	194	7
16	20	15	24	7
16	20	16	0	7
16	20	17	0	7
16	20	18	0	7
16	20	19	0	7
16	20	20	0	7
16	20	21	0	7
16	20	22	0	7
16	20	23	0	7
16	20	24	0	7
16	20	25	0	7
16	20	26	0	7
16	20	27	0	7
16	20	28	0	7
16	21	1	0	7
16	21	2	0	7
16	21	3	0	7
16	21	4	0	7
16	21	5	0	7
16	21	6	0	7
16	21	7	0	7
16	21	8	213	7
16	21	9	250	7
16	21	10	252	7
16	21	11	252	7
16	21	12	220	7
16	21	13	141	7
16	21	14	67	7
16	21	15	0	7
16	21	16	0	7
16	21	17	0	7
16	21	18	0	7
16	21	19	0	7
16	21	20	0	7
16	21	21	0	7
16	21	22	0	7
16	21	23	0	7
16	21	24	0	7
16	21	25	0	7
16	21	26	0	7
16	21	27	0	7
16	21	28	0	7
16	22	1	0	7
16	22	2	0	7
16	22	3	0	7
16	22	4	0	7
16	22	5	0	7
16	22	6	0	7
16	22	7	0	7
16	22	8	0	7
16	22	9	214	7
16	22	10	225	7
16	22	11	183	7
16	22	12	20	7
16	22	13	0	7
16	22	14	0	7
16	22	15	0	7
16	22	16	0	7
16	22	17	0	7
16	22	18	0	7
16	22	19	0	7
16	22	20	0	7
16	22	21	0	7
16	22	22	0	7
16	22	23	0	7
16	22	24	0	7
16	22	25	0	7
16	22	26	0	7
16	22	27	0	7
16	22	28	0	7
16	23	1	0	7
16	23	2	0	7
16	23	3	0	7
16	23	4	0	7
16	23	5	0	7
16	23	6	0	7
16	23	7	0	7
16	23	8	0	7
16	23	9	0	7
16	23	10	0	7
16	23	11	0	7
16	23	12	0	7
16	23	13	0	7
16	23	14	0	7
16	23	15	0	7
16	23	16	0	7
16	23	17	0	7
16	23	18	0	7
16	23	19	0	7
16	23	20	0	7
16	23	21	0	7
16	23	22	0	7
16	23	23	0	7
16	23	24	0	7
16	23	25	0	7
16	23	26	0	7
16	23	27	0	7
16	23	28	0	7
16	24	1	0	7
16	24	2	0	7
16	24	3	0	7
16	24	4	0	7
16	24	5	0	7
16	24	6	0	7
16	24	7	0	7
16	24	8	0	7
16	24	9	0	7
16	24	10	0	7
16	24	11	0	7
16	24	12	0	7
16	24	13	0	7
16	24	14	0	7
16	24	15	0	7
16	24	16	0	7
16	24	17	0	7
16	24	18	0	7
16	24	19	0	7
16	24	20	0	7
16	24	21	0	7
16	24	22	0	7
16	24	23	0	7
16	24	24	0	7
16	24	25	0	7
16	24	26	0	7
16	24	27	0	7
16	24	28	0	7
16	25	1	0	7
16	25	2	0	7
16	25	3	0	7
16	25	4	0	7
16	25	5	0	7
16	25	6	0	7
16	25	7	0	7
16	25	8	0	7
16	25	9	0	7
16	25	10	0	7
16	25	11	0	7
16	25	12	0	7
16	25	13	0	7
16	25	14	0	7
16	25	15	0	7
16	25	16	0	7
16	25	17	0	7
16	25	18	0	7
16	25	19	0	7
16	25	20	0	7
16	25	21	0	7
16	25	22	0	7
16	25	23	0	7
16	25	24	0	7
16	25	25	0	7
16	25	26	0	7
16	25	27	0	7
16	25	28	0	7
16	26	1	0	7
16	26	2	0	7
16	26	3	0	7
16	26	4	0	7
16	26	5	0	7
16	26	6	0	7
16	26	7	0	7
16	26	8	0	7
16	26	9	0	7
16	26	10	0	7
16	26	11	0	7
16	26	12	0	7
16	26	13	0	7
16	26	14	0	7
16	26	15	0	7
16	26	16	0	7
16	26	17	0	7
16	26	18	0	7
16	26	19	0	7
16	26	20	0	7
16	26	21	0	7
16	26	22	0	7
16	26	23	0	7
16	26	24	0	7
16	26	25	0	7
16	26	26	0	7
16	26	27	0	7
16	26	28	0	7
16	27	1	0	7
16	27	2	0	7
16	27	3	0	7
16	27	4	0	7
16	27	5	0	7
16	27	6	0	7
16	27	7	0	7
16	27	8	0	7
16	27	9	0	7
16	27	10	0	7
16	27	11	0	7
16	27	12	0	7
16	27	13	0	7
16	27	14	0	7
16	27	15	0	7
16	27	16	0	7
16	27	17	0	7
16	27	18	0	7
16	27	19	0	7
16	27	20	0	7
16	27	21	0	7
16	27	22	0	7
16	27	23	0	7
16	27	24	0	7
16	27	25	0	7
16	27	26	0	7
16	27	27	0	7
16	27	28	0	7
16	28	1	0	7
16	28	2	0	7
16	28	3	0	7
16	28	4	0	7
16	28	5	0	7
16	28	6	0	7
16	28	7	0	7
16	28	8	0	7
16	28	9	0	7
16	28	10	0	7
16	28	11	0	7
16	28	12	0	7
16	28	13	0	7
16	28	14	0	7
16	28	15	0	7
16	28	16	0	7
16	28	17	0	7
16	28	18	0	7
16	28	19	0	7
16	28	20	0	7
16	28	21	0	7
16	28	22	0	7
16	28	23	0	7
16	28	24	0	7
16	28	25	0	7
16	28	26	0	7
16	28	27	0	7
16	28	28	0	7
18	1	1	0	8
18	1	2	0	8
18	1	3	0	8
18	1	4	0	8
18	1	5	0	8
18	1	6	0	8
18	1	7	0	8
18	1	8	0	8
18	1	9	0	8
18	1	10	0	8
18	1	11	0	8
18	1	12	0	8
18	1	13	0	8
18	1	14	0	8
18	1	15	0	8
18	1	16	0	8
18	1	17	0	8
18	1	18	0	8
18	1	19	0	8
18	1	20	0	8
18	1	21	0	8
18	1	22	0	8
18	1	23	0	8
18	1	24	0	8
18	1	25	0	8
18	1	26	0	8
18	1	27	0	8
18	1	28	0	8
18	2	1	0	8
18	2	2	0	8
18	2	3	0	8
18	2	4	0	8
18	2	5	0	8
18	2	6	0	8
18	2	7	0	8
18	2	8	0	8
18	2	9	0	8
18	2	10	0	8
18	2	11	0	8
18	2	12	0	8
18	2	13	0	8
18	2	14	0	8
18	2	15	0	8
18	2	16	0	8
18	2	17	0	8
18	2	18	0	8
18	2	19	0	8
18	2	20	0	8
18	2	21	0	8
18	2	22	0	8
18	2	23	0	8
18	2	24	0	8
18	2	25	0	8
18	2	26	0	8
18	2	27	0	8
18	2	28	0	8
18	3	1	0	8
18	3	2	0	8
18	3	3	0	8
18	3	4	0	8
18	3	5	0	8
18	3	6	0	8
18	3	7	0	8
18	3	8	0	8
18	3	9	0	8
18	3	10	0	8
18	3	11	0	8
18	3	12	0	8
18	3	13	0	8
18	3	14	0	8
18	3	15	0	8
18	3	16	0	8
18	3	17	0	8
18	3	18	0	8
18	3	19	0	8
18	3	20	0	8
18	3	21	0	8
18	3	22	0	8
18	3	23	0	8
18	3	24	0	8
18	3	25	0	8
18	3	26	0	8
18	3	27	0	8
18	3	28	0	8
18	4	1	0	8
18	4	2	0	8
18	4	3	0	8
18	4	4	0	8
18	4	5	0	8
18	4	6	0	8
18	4	7	0	8
18	4	8	0	8
18	4	9	0	8
18	4	10	0	8
18	4	11	0	8
18	4	12	0	8
18	4	13	0	8
18	4	14	0	8
18	4	15	0	8
18	4	16	0	8
18	4	17	0	8
18	4	18	0	8
18	4	19	0	8
18	4	20	0	8
18	4	21	0	8
18	4	22	0	8
18	4	23	0	8
18	4	24	0	8
18	4	25	0	8
18	4	26	0	8
18	4	27	0	8
18	4	28	0	8
18	5	1	0	8
18	5	2	0	8
18	5	3	0	8
18	5	4	0	8
18	5	5	0	8
18	5	6	0	8
18	5	7	0	8
18	5	8	0	8
18	5	9	0	8
18	5	10	0	8
18	5	11	0	8
18	5	12	0	8
18	5	13	0	8
18	5	14	0	8
18	5	15	0	8
18	5	16	0	8
18	5	17	0	8
18	5	18	0	8
18	5	19	0	8
18	5	20	0	8
18	5	21	0	8
18	5	22	0	8
18	5	23	0	8
18	5	24	0	8
18	5	25	0	8
18	5	26	0	8
18	5	27	0	8
18	5	28	0	8
18	6	1	0	8
18	6	2	0	8
18	6	3	0	8
18	6	4	0	8
18	6	5	0	8
18	6	6	0	8
18	6	7	0	8
18	6	8	0	8
18	6	9	0	8
18	6	10	0	8
18	6	11	0	8
18	6	12	0	8
18	6	13	0	8
18	6	14	0	8
18	6	15	0	8
18	6	16	0	8
18	6	17	0	8
18	6	18	0	8
18	6	19	0	8
18	6	20	0	8
18	6	21	0	8
18	6	22	0	8
18	6	23	0	8
18	6	24	0	8
18	6	25	0	8
18	6	26	0	8
18	6	27	0	8
18	6	28	0	8
18	7	1	0	8
18	7	2	0	8
18	7	3	0	8
18	7	4	0	8
18	7	5	0	8
18	7	6	0	8
18	7	7	0	8
18	7	8	0	8
18	7	9	0	8
18	7	10	0	8
18	7	11	0	8
18	7	12	0	8
18	7	13	0	8
18	7	14	0	8
18	7	15	0	8
18	7	16	0	8
18	7	17	0	8
18	7	18	0	8
18	7	19	0	8
18	7	20	0	8
18	7	21	0	8
18	7	22	0	8
18	7	23	0	8
18	7	24	0	8
18	7	25	0	8
18	7	26	0	8
18	7	27	0	8
18	7	28	0	8
18	8	1	0	8
18	8	2	0	8
18	8	3	0	8
18	8	4	0	8
18	8	5	0	8
18	8	6	0	8
18	8	7	0	8
18	8	8	0	8
18	8	9	0	8
18	8	10	0	8
18	8	11	0	8
18	8	12	0	8
18	8	13	0	8
18	8	14	0	8
18	8	15	0	8
18	8	16	0	8
18	8	17	0	8
18	8	18	0	8
18	8	19	0	8
18	8	20	64	8
18	8	21	133	8
18	8	22	132	8
18	8	23	153	8
18	8	24	112	8
18	8	25	17	8
18	8	26	0	8
18	8	27	0	8
18	8	28	0	8
18	9	1	0	8
18	9	2	0	8
18	9	3	0	8
18	9	4	0	8
18	9	5	0	8
18	9	6	0	8
18	9	7	0	8
18	9	8	0	8
18	9	9	0	8
18	9	10	0	8
18	9	11	0	8
18	9	12	0	8
18	9	13	0	8
18	9	14	0	8
18	9	15	0	8
18	9	16	0	8
18	9	17	0	8
18	9	18	26	8
18	9	19	93	8
18	9	20	239	8
18	9	21	254	8
18	9	22	253	8
18	9	23	253	8
18	9	24	253	8
18	9	25	118	8
18	9	26	0	8
18	9	27	0	8
18	9	28	0	8
18	10	1	0	8
18	10	2	0	8
18	10	3	0	8
18	10	4	0	8
18	10	5	0	8
18	10	6	0	8
18	10	7	0	8
18	10	8	0	8
18	10	9	0	8
18	10	10	0	8
18	10	11	0	8
18	10	12	0	8
18	10	13	0	8
18	10	14	0	8
18	10	15	0	8
18	10	16	0	8
18	10	17	0	8
18	10	18	123	8
18	10	19	253	8
18	10	20	253	8
18	10	21	191	8
18	10	22	190	8
18	10	23	169	8
18	10	24	253	8
18	10	25	243	8
18	10	26	0	8
18	10	27	0	8
18	10	28	0	8
18	11	1	0	8
18	11	2	0	8
18	11	3	0	8
18	11	4	0	8
18	11	5	0	8
18	11	6	0	8
18	11	7	0	8
18	11	8	0	8
18	11	9	0	8
18	11	10	128	8
18	11	11	139	8
18	11	12	55	8
18	11	13	7	8
18	11	14	0	8
18	11	15	0	8
18	11	16	3	8
18	11	17	171	8
18	11	18	254	8
18	11	19	254	8
18	11	20	76	8
18	11	21	0	8
18	11	22	5	8
18	11	23	192	8
18	11	24	254	8
18	11	25	191	8
18	11	26	0	8
18	11	27	0	8
18	11	28	0	8
18	12	1	0	8
18	12	2	0	8
18	12	3	0	8
18	12	4	0	8
18	12	5	0	8
18	12	6	0	8
18	12	7	0	8
18	12	8	45	8
18	12	9	110	8
18	12	10	245	8
18	12	11	254	8
18	12	12	212	8
18	12	13	155	8
18	12	14	141	8
18	12	15	110	8
18	12	16	171	8
18	12	17	253	8
18	12	18	253	8
18	12	19	121	8
18	12	20	8	8
18	12	21	5	8
18	12	22	85	8
18	12	23	253	8
18	12	24	236	8
18	12	25	113	8
18	12	26	0	8
18	12	27	0	8
18	12	28	0	8
18	13	1	0	8
18	13	2	0	8
18	13	3	0	8
18	13	4	0	8
18	13	5	0	8
18	13	6	0	8
18	13	7	0	8
18	13	8	154	8
18	13	9	253	8
18	13	10	253	8
18	13	11	223	8
18	13	12	253	8
18	13	13	253	8
18	13	14	253	8
18	13	15	253	8
18	13	16	254	8
18	13	17	253	8
18	13	18	203	8
18	13	19	13	8
18	13	20	32	8
18	13	21	108	8
18	13	22	253	8
18	13	23	253	8
18	13	24	129	8
18	13	25	0	8
18	13	26	0	8
18	13	27	0	8
18	13	28	0	8
18	14	1	0	8
18	14	2	0	8
18	14	3	0	8
18	14	4	0	8
18	14	5	0	8
18	14	6	0	8
18	14	7	0	8
18	14	8	185	8
18	14	9	253	8
18	14	10	158	8
18	14	11	25	8
18	14	12	161	8
18	14	13	228	8
18	14	14	253	8
18	14	15	253	8
18	14	16	254	8
18	14	17	253	8
18	14	18	156	8
18	14	19	93	8
18	14	20	219	8
18	14	21	234	8
18	14	22	236	8
18	14	23	77	8
18	14	24	9	8
18	14	25	0	8
18	14	26	0	8
18	14	27	0	8
18	14	28	0	8
18	15	1	0	8
18	15	2	0	8
18	15	3	0	8
18	15	4	0	8
18	15	5	0	8
18	15	6	0	8
18	15	7	0	8
18	15	8	185	8
18	15	9	253	8
18	15	10	137	8
18	15	11	0	8
18	15	12	11	8
18	15	13	80	8
18	15	14	253	8
18	15	15	253	8
18	15	16	254	8
18	15	17	253	8
18	15	18	253	8
18	15	19	253	8
18	15	20	253	8
18	15	21	254	8
18	15	22	154	8
18	15	23	0	8
18	15	24	0	8
18	15	25	0	8
18	15	26	0	8
18	15	27	0	8
18	15	28	0	8
18	16	1	0	8
18	16	2	0	8
18	16	3	0	8
18	16	4	0	8
18	16	5	0	8
18	16	6	0	8
18	16	7	26	8
18	16	8	223	8
18	16	9	246	8
18	16	10	21	8
18	16	11	0	8
18	16	12	26	8
18	16	13	223	8
18	16	14	254	8
18	16	15	254	8
18	16	16	179	8
18	16	17	178	8
18	16	18	200	8
18	16	19	158	8
18	16	20	126	8
18	16	21	106	8
18	16	22	0	8
18	16	23	0	8
18	16	24	0	8
18	16	25	0	8
18	16	26	0	8
18	16	27	0	8
18	16	28	0	8
18	17	1	0	8
18	17	2	0	8
18	17	3	0	8
18	17	4	0	8
18	17	5	0	8
18	17	6	0	8
18	17	7	47	8
18	17	8	253	8
18	17	9	161	8
18	17	10	0	8
18	17	11	36	8
18	17	12	178	8
18	17	13	253	8
18	17	14	253	8
18	17	15	179	8
18	17	16	0	8
18	17	17	0	8
18	17	18	0	8
18	17	19	0	8
18	17	20	0	8
18	17	21	0	8
18	17	22	0	8
18	17	23	0	8
18	17	24	0	8
18	17	25	0	8
18	17	26	0	8
18	17	27	0	8
18	17	28	0	8
18	18	1	0	8
18	18	2	0	8
18	18	3	0	8
18	18	4	0	8
18	18	5	0	8
18	18	6	0	8
18	18	7	47	8
18	18	8	253	8
18	18	9	228	8
18	18	10	48	8
18	18	11	170	8
18	18	12	253	8
18	18	13	253	8
18	18	14	154	8
18	18	15	38	8
18	18	16	0	8
18	18	17	0	8
18	18	18	0	8
18	18	19	0	8
18	18	20	0	8
18	18	21	0	8
18	18	22	0	8
18	18	23	0	8
18	18	24	0	8
18	18	25	0	8
18	18	26	0	8
18	18	27	0	8
18	18	28	0	8
18	19	1	0	8
18	19	2	0	8
18	19	3	0	8
18	19	4	0	8
18	19	5	0	8
18	19	6	0	8
18	19	7	30	8
18	19	8	133	8
18	19	9	253	8
18	19	10	233	8
18	19	11	254	8
18	19	12	236	8
18	19	13	109	8
18	19	14	29	8
18	19	15	0	8
18	19	16	0	8
18	19	17	0	8
18	19	18	0	8
18	19	19	0	8
18	19	20	0	8
18	19	21	0	8
18	19	22	0	8
18	19	23	0	8
18	19	24	0	8
18	19	25	0	8
18	19	26	0	8
18	19	27	0	8
18	19	28	0	8
18	20	1	0	8
18	20	2	0	8
18	20	3	0	8
18	20	4	0	8
18	20	5	0	8
18	20	6	11	8
18	20	7	95	8
18	20	8	175	8
18	20	9	253	8
18	20	10	253	8
18	20	11	244	8
18	20	12	113	8
18	20	13	0	8
18	20	14	0	8
18	20	15	0	8
18	20	16	0	8
18	20	17	0	8
18	20	18	0	8
18	20	19	0	8
18	20	20	0	8
18	20	21	0	8
18	20	22	0	8
18	20	23	0	8
18	20	24	0	8
18	20	25	0	8
18	20	26	0	8
18	20	27	0	8
18	20	28	0	8
18	21	1	0	8
18	21	2	0	8
18	21	3	0	8
18	21	4	0	8
18	21	5	0	8
18	21	6	203	8
18	21	7	254	8
18	21	8	255	8
18	21	9	254	8
18	21	10	233	8
18	21	11	106	8
18	21	12	0	8
18	21	13	0	8
18	21	14	0	8
18	21	15	0	8
18	21	16	0	8
18	21	17	0	8
18	21	18	0	8
18	21	19	0	8
18	21	20	0	8
18	21	21	0	8
18	21	22	0	8
18	21	23	0	8
18	21	24	0	8
18	21	25	0	8
18	21	26	0	8
18	21	27	0	8
18	21	28	0	8
18	22	1	0	8
18	22	2	0	8
18	22	3	0	8
18	22	4	0	8
18	22	5	0	8
18	22	6	229	8
18	22	7	215	8
18	22	8	188	8
18	22	9	92	8
18	22	10	8	8
18	22	11	0	8
18	22	12	0	8
18	22	13	0	8
18	22	14	0	8
18	22	15	0	8
18	22	16	0	8
18	22	17	0	8
18	22	18	0	8
18	22	19	0	8
18	22	20	0	8
18	22	21	0	8
18	22	22	0	8
18	22	23	0	8
18	22	24	0	8
18	22	25	0	8
18	22	26	0	8
18	22	27	0	8
18	22	28	0	8
18	23	1	0	8
18	23	2	0	8
18	23	3	0	8
18	23	4	0	8
18	23	5	0	8
18	23	6	32	8
18	23	7	13	8
18	23	8	19	8
18	23	9	0	8
18	23	10	0	8
18	23	11	0	8
18	23	12	0	8
18	23	13	0	8
18	23	14	0	8
18	23	15	0	8
18	23	16	0	8
18	23	17	0	8
18	23	18	0	8
18	23	19	0	8
18	23	20	0	8
18	23	21	0	8
18	23	22	0	8
18	23	23	0	8
18	23	24	0	8
18	23	25	0	8
18	23	26	0	8
18	23	27	0	8
18	23	28	0	8
18	24	1	0	8
18	24	2	0	8
18	24	3	0	8
18	24	4	0	8
18	24	5	0	8
18	24	6	0	8
18	24	7	0	8
18	24	8	0	8
18	24	9	0	8
18	24	10	0	8
18	24	11	0	8
18	24	12	0	8
18	24	13	0	8
18	24	14	0	8
18	24	15	0	8
18	24	16	0	8
18	24	17	0	8
18	24	18	0	8
18	24	19	0	8
18	24	20	0	8
18	24	21	0	8
18	24	22	0	8
18	24	23	0	8
18	24	24	0	8
18	24	25	0	8
18	24	26	0	8
18	24	27	0	8
18	24	28	0	8
18	25	1	0	8
18	25	2	0	8
18	25	3	0	8
18	25	4	0	8
18	25	5	0	8
18	25	6	0	8
18	25	7	0	8
18	25	8	0	8
18	25	9	0	8
18	25	10	0	8
18	25	11	0	8
18	25	12	0	8
18	25	13	0	8
18	25	14	0	8
18	25	15	0	8
18	25	16	0	8
18	25	17	0	8
18	25	18	0	8
18	25	19	0	8
18	25	20	0	8
18	25	21	0	8
18	25	22	0	8
18	25	23	0	8
18	25	24	0	8
18	25	25	0	8
18	25	26	0	8
18	25	27	0	8
18	25	28	0	8
18	26	1	0	8
18	26	2	0	8
18	26	3	0	8
18	26	4	0	8
18	26	5	0	8
18	26	6	0	8
18	26	7	0	8
18	26	8	0	8
18	26	9	0	8
18	26	10	0	8
18	26	11	0	8
18	26	12	0	8
18	26	13	0	8
18	26	14	0	8
18	26	15	0	8
18	26	16	0	8
18	26	17	0	8
18	26	18	0	8
18	26	19	0	8
18	26	20	0	8
18	26	21	0	8
18	26	22	0	8
18	26	23	0	8
18	26	24	0	8
18	26	25	0	8
18	26	26	0	8
18	26	27	0	8
18	26	28	0	8
18	27	1	0	8
18	27	2	0	8
18	27	3	0	8
18	27	4	0	8
18	27	5	0	8
18	27	6	0	8
18	27	7	0	8
18	27	8	0	8
18	27	9	0	8
18	27	10	0	8
18	27	11	0	8
18	27	12	0	8
18	27	13	0	8
18	27	14	0	8
18	27	15	0	8
18	27	16	0	8
18	27	17	0	8
18	27	18	0	8
18	27	19	0	8
18	27	20	0	8
18	27	21	0	8
18	27	22	0	8
18	27	23	0	8
18	27	24	0	8
18	27	25	0	8
18	27	26	0	8
18	27	27	0	8
18	27	28	0	8
18	28	1	0	8
18	28	2	0	8
18	28	3	0	8
18	28	4	0	8
18	28	5	0	8
18	28	6	0	8
18	28	7	0	8
18	28	8	0	8
18	28	9	0	8
18	28	10	0	8
18	28	11	0	8
18	28	12	0	8
18	28	13	0	8
18	28	14	0	8
18	28	15	0	8
18	28	16	0	8
18	28	17	0	8
18	28	18	0	8
18	28	19	0	8
18	28	20	0	8
18	28	21	0	8
18	28	22	0	8
18	28	23	0	8
18	28	24	0	8
18	28	25	0	8
18	28	26	0	8
18	28	27	0	8
18	28	28	0	8
